2447
32
0
5 3 1
rec
240
2
0.4
1.3
15
0.25
0.9
0.75
2
0.5
0.4
0.1
0.4
0.2
103
   354 120 30
   2
      353 0 120
      0.2375
      0.947367
      0.7125
      2.10526
      0.526315
      0.38
      0.1
      0.38
      0.210526
      9 1
         7 0 6 0.0154904 0
      0 0 0
      0.2375
      0.947367
      0.789473
      2.10526
      0.475
      0.38
      0.1
      0.421052
      0.19
      9 1
         7 0 6 0.0154904 0


   353 60 29
   4
      353 0 100
      0.263157
      0.947367
      0.7125
      2.10526
      0.475
      0.38
      0.1
      0.421052
      0.210526
      10 3
         4 2 9 1 1
         21 9 6 -1.3423 1
         23 2 6 -1.3423 1
      0 0 0
      0.2375
      0.947367
      0.789473
      1.9
      0.475
      0.38
      0.1
      0.421052
      0.210526
      12 4
         4 2 9 1 0
         21 9 6 -1.3423 1
         23 2 6 -1.3423 1
         2359 1 7 0.855707 1
      0 0 0
      0.2375
      0.855
      0.7125
      1.9
      0.526315
      0.38
      0.1
      0.38
      0.19
      10 5
         4 2 9 1 1
         21 9 6 -1.3423 1
         23 2 6 -1.3423 1
         2376 5 6 -0.148255 0
         2390 7 6 0.257369 1
      0 0 0
      0.2375
      0.855
      0.789473
      1.9
      0.475
      0.421052
      0.1
      0.38
      0.19
      11 6
         4 2 9 1 1
         21 9 6 -1.3423 1
         23 2 6 -1.3423 1
         2361 3 10 1 1
         2368 3 9 1.45782 0
         2385 10 9 1.45782 1


   354 101 30
   7
      353 0 101
      0.263157
      0.855
      0.7125
      2.10526
      0.475
      0.38
      0.1
      0.38
      0.210526
      10 3
         21 9 6 -0.852941 1
         25 5 6 -0.852941 0
         27 5 9 1 1
      0 0 0
      0.2375
      0.947367
      0.7125
      1.9
      0.526315
      0.421052
      0.1
      0.421052
      0.19
      12 8
         21 9 6 -0.852941 1
         25 5 6 -0.852941 0
         27 5 9 1 1
         2282 1 6 0.934582 0
         2283 1 10 1 1
         2284 10 6 0.934582 0
         2359 1 7 0.117556 1
         2360 2 10 1.71109 1
      0 0 0
      0.263157
      0.947367
      0.7125
      1.9
      0.526315
      0.421052
      0.1
      0.38
      0.210526
      11 8
         8 5 7 -0.979261 1
         21 9 6 -0.740299 1
         25 5 6 -0.87403 0
         27 5 9 0.974898 1
         2370 0 8 0.394165 1
         2384 7 10 1 1
         2385 10 9 1.32044 1
         2393 7 9 1.32044 1
      353 0 91
      0.277007
      0.997227
      0.749999
      2
      0.499999
      0.443212
      0.1
      0.361
      0.2
      11 8
         8 5 7 -1.06434 1
         21 9 6 -0.775507 1
         25 5 6 -0.775507 0
         27 5 9 1 0
         2357 1 6 -0.526584 1
         2377 1 8 -1.49245 1
         2382 5 10 1 1
         2385 10 9 1 1
      0 0 0
      0.263157
      0.855
      0.7125
      1.9
      0.475
      0.421052
      0.1
      0.38
      0.19
      11 6
         21 9 6 -0.852941 0
         25 5 6 -0.852941 0
         27 5 9 1 0
         2382 5 10 1 1
         2385 10 9 1 1
         2413 6 6 1.26134 1
      0 0 0
      0.263157
      0.947367
      0.789473
      1.9
      0.475
      0.421052
      0.1
      0.421052
      0.210526
      11 6
         8 5 7 -1.06434 1
         21 9 6 -0.775507 1
         25 5 6 -0.775507 0
         27 5 9 1 1
         2355 2 9 -1.99148 0
         2381 2 7 1.21909 1
      0 0 0
      0.2375
      0.855
      0.789473
      1.9
      0.526315
      0.421052
      0.1
      0.38
      0.210526
      11 8
         8 5 7 -1.06434 0
         21 9 6 -0.775507 1
         25 5 6 -0.775507 0
         27 5 9 1 1
         2358 1 9 -1.72992 1
         2382 5 10 1 1
         2387 10 7 -1.06434 1
         2401 6 7 1.26999 1


   353 103 30
   3
      353 0 103
      0.263157
      0.855
      0.789473
      1.9
      0.475
      0.38
      0.1
      0.38
      0.19
      9 1
         19 3 6 0.116307 0
      0 0 0
      0.263157
      0.947367
      0.789473
      1.9
      0.475
      0.38
      0.1
      0.38
      0.210526
      10 2
         19 3 6 0.116307 0
         2357 1 6 1.98244 0
      0 0 0
      0.263157
      0.855
      0.789473
      2.10526
      0.526315
      0.421052
      0.1
      0.38
      0.210526
      10 1
         19 3 6 0.116307 0


   353 105 30
   2
      353 0 105
      0.2375
      0.947367
      0.789473
      2.10526
      0.475
      0.38
      0.1
      0.38
      0.19
      9 1
         32 4 6 0.590988 0
      0 0 0
      0.2375
      0.855
      0.789473
      1.9
      0.526315
      0.421052
      0.1
      0.421052
      0.210526
      9 1
         32 4 6 0.590988 0


   354 106 28
   1
      353 0 106
      0.263157
      0.855
      0.789473
      1.9
      0.526315
      0.421052
      0.1
      0.421052
      0.210526
      9 1
         19 3 6 -0.540645 1


   353 103 30
   3
      353 0 107
      0.263157
      0.855
      0.7125
      1.9
      0.475
      0.38
      0.1
      0.38
      0.210526
      9 2
         32 4 6 -1.97449 1
         33 1 6 -0.119503 1
      0 0 0
      0.263157
      0.855
      0.789473
      2.10526
      0.526315
      0.421052
      0.1
      0.38
      0.210526
      10 5
         32 4 6 -1.97449 1
         33 1 6 -0.119503 1
         2365 4 7 1.56765 1
         2374 4 9 1 1
         2375 9 7 1.56765 1
      0 0 0
      0.2375
      0.947367
      0.789473
      1.9
      0.526315
      0.38
      0.1
      0.421052
      0.19
      9 4
         32 4 6 -1.91514 0
         33 1 6 -0.0278146 1
         2278 5 8 -1.82478 0
         2376 5 6 1.84506 1


   354 110 30
   2
      353 0 109
      0.2375
      0.947367
      0.789473
      1.9
      0.526315
      0.38
      0.1
      0.38
      0.19
      10 4
         10 7 9 1 1
         21 9 6 -0.663615 1
         25 5 6 1.93563 1
         28 7 6 -0.663615 1
      0 0 0
      0.2375
      0.855
      0.7125
      2.10526
      0.475
      0.421052
      0.1
      0.38
      0.210526
      11 10
         10 7 9 1.00885 1
         21 9 6 -0.718108 0
         25 5 6 2.00411 1
         28 7 6 -0.67469 1
         2284 10 6 -0.718108 0
         2286 2 9 -1.07621 1
         2294 3 9 0.68065 1
         2295 9 10 1 1
         2381 2 7 0.872261 1
         2382 5 10 0.146437 1


   353 112 30
   1
      353 0 112
      0.263157
      0.855
      0.7125
      1.9
      0.526315
      0.421052
      0.1
      0.421052
      0.19
      9 1
         25 5 6 0.703223 0


   354 113 7
   2
      353 0 113
      0.263157
      0.947367
      0.7125
      1.9
      0.526315
      0.38
      0.1
      0.38
      0.19
      10 3
         14 4 9 1 1
         21 9 6 -1.09418 1
         32 4 6 -1.09418 0
      0 0 0
      0.263157
      0.855
      0.7125
      1.9
      0.526315
      0.421052
      0.1
      0.38
      0.19
      11 7
         14 4 9 1 0
         21 9 6 -1.09418 1
         32 4 6 -1.09418 0
         2355 2 9 -0.844208 1
         2362 4 10 1 1
         2373 5 9 0.164273 1
         2385 10 9 1 1


   353 115 30
   3
      353 0 115
      0.2375
      0.947367
      0.789473
      1.9
      0.475
      0.421052
      0.1
      0.421052
      0.210526
      10 4
         4 2 9 1 1
         21 9 6 0.61316 1
         23 2 6 0.61316 0
         32 4 6 1.52546 1
      0 0 0
      0.2375
      0.947367
      0.7125
      2.10526
      0.475
      0.38
      0.1
      0.421052
      0.210526
      11 10
         4 2 9 1 1
         21 9 6 0.688271 1
         23 2 6 0.644795 1
         32 4 6 1.5074 1
         2283 1 10 1 1
         2290 1 9 1.81052 1
         2298 0 9 -0.275097 1
         2303 10 9 1.81052 1
         2365 4 7 -0.566035 1
         2375 9 7 -0.172796 1
      353 0 115
      0.25
      0.899999
      0.749999
      1.805
      0.45125
      0.443212
      0.1
      0.399999
      0.221606
      10 6
         4 2 9 1.0665 1
         21 9 6 0.706439 1
         23 2 6 0.636328 0
         32 4 6 1.55198 1
         2372 5 8 1.70066 1
         2375 9 7 0.864211 1


   353 86 30
   1
      353 0 90
      0.2375
      0.947367
      0.789473
      1.9
      0.526315
      0.421052
      0.1
      0.421052
      0.210526
      9 2
         25 5 6 -1.75398 0
         32 4 6 0.232191 1


   353 83 30
   3
      353 0 83
      0.263157
      0.947367
      0.7125
      2.10526
      0.475
      0.421052
      0.1
      0.38
      0.19
      10 3
         21 9 6 0.152858 1
         22 1 9 1 0
         33 1 6 0.152858 0
      0 0 0
      0.2375
      0.947367
      0.7125
      1.9
      0.526315
      0.421052
      0.1
      0.38
      0.19
      10 5
         21 9 6 0.152858 0
         22 1 9 1 0
         33 1 6 0.152858 0
         2371 0 7 1.2338 1
         2391 3 7 -0.980152 1
      0 0 0
      0.263157
      0.855
      0.7125
      2.10526
      0.526315
      0.421052
      0.1
      0.421052
      0.19
      11 8
         21 9 6 0.152858 1
         22 1 9 1 0
         33 1 6 0.152858 0
         2361 3 10 1 1
         2369 9 8 1.3229 1
         2387 10 7 0.370626 1
         2391 3 7 0.370626 0
         2395 7 8 -0.329852 1


   353 84 30
   2
      353 0 84
      0.2375
      0.947367
      0.7125
      1.9
      0.526315
      0.421052
      0.1
      0.421052
      0.210526
      9 2
         23 2 6 -1.16457 0
         25 5 6 -0.199873 1
      0 0 0
      0.263157
      0.855
      0.789473
      2.10526
      0.526315
      0.38
      0.1
      0.38
      0.19
      9 3
         23 2 6 -1.22596 1
         25 5 6 -0.129321 1
         2391 3 7 -1.6773 1


   353 85 30
   5
      353 0 85
      0.2375
      0.855
      0.7125
      1.9
      0.526315
      0.421052
      0.1
      0.421052
      0.210526
      9 3
         7 0 6 1.23891 1
         33 1 6 1.96543 1
         34 6 6 -0.291535 0
      0 0 0
      0.263157
      0.947367
      0.789473
      1.9
      0.526315
      0.421052
      0.1
      0.38
      0.210526
      10 8
         7 0 6 1.16903 1
         33 1 6 1.91855 1
         34 6 6 -0.381963 0
         2365 4 7 -0.188234 1
         2367 3 8 1.3299 1
         2375 9 7 -1.96909 1
         2392 7 7 -1.96909 0
         2393 7 9 1 1
      0 0 0
      0.2375
      0.947367
      0.789473
      2.10526
      0.475
      0.38
      0.1
      0.421052
      0.210526
      10 6
         7 0 6 1.23891 0
         33 1 6 1.96543 0
         34 6 6 -0.291535 0
         2356 9 6 1.96543 1
         2358 1 9 1 1
         2391 3 7 -0.23599 1
      0 0 0
      0.2375
      0.947367
      0.789473
      1.9
      0.475
      0.421052
      0.1
      0.421052
      0.210526
      9 4
         7 0 6 1.23891 1
         33 1 6 1.96543 1
         34 6 6 -0.291535 0
         2353 2 6 1.92915 1
      0 0 0
      0.263157
      0.947367
      0.789473
      2.10526
      0.475
      0.38
      0.1
      0.421052
      0.19
      9 4
         7 0 6 1.23891 1
         33 1 6 1.96543 1
         34 6 6 -0.291535 0
         2378 4 6 -1.53797 1


   353 86 30
   1
      353 0 86
      0.263157
      0.947367
      0.789473
      1.9
      0.526315
      0.421052
      0.1
      0.421052
      0.210526
      9 1
         33 1 6 1.14827 0


   354 87 6
   1
      353 0 87
      0.263157
      0.855
      0.789473
      2.10526
      0.475
      0.38
      0.1
      0.38
      0.19
      9 2
         8 5 7 -1.09063 1
         19 3 6 0.947191 0


   354 89 6
   3
      353 0 89
      0.2375
      0.947367
      0.789473
      1.9
      0.475
      0.38
      0.1
      0.421052
      0.210526
      9 2
         26 5 8 -1.83168 1
         32 4 6 1.23599 0
      0 0 0
      0.263157
      0.855
      0.789473
      1.9
      0.526315
      0.421052
      0.1
      0.38
      0.19
      10 3
         26 5 8 -1.83168 1
         32 4 6 1.23599 0
         2367 3 8 1.60167 1
      0 0 0
      0.263157
      0.947367
      0.789473
      2.10526
      0.475
      0.38
      0.1
      0.421052
      0.19
      9 4
         26 5 8 -1.91502 1
         32 4 6 1.26056 0
         2359 1 7 -1.07883 1
         2395 7 8 -1.45453 1


   353 81 30
   2
      353 0 81
      0.2375
      0.855
      0.789473
      2.10526
      0.475
      0.38
      0.1
      0.421052
      0.19
      9 2
         25 5 6 -0.729868 1
         33 1 6 -0.857396 1
      353 0 81
      0.225625
      0.899999
      0.749999
      2.21606
      0.45125
      0.361
      0.1
      0.399999
      0.2
      9 5
         25 5 6 -0.729868 1
         33 1 6 -0.857396 1
         2377 1 8 0.362127 1
         2392 7 7 1.34328 1
         2396 4 8 -0.378085 1


   353 91 30
   2
      353 0 91
      0.263157
      0.947367
      0.7125
      2.10526
      0.526315
      0.421052
      0.1
      0.38
      0.210526
      10 4
         8 5 7 -1.06434 1
         21 9 6 -0.775507 1
         25 5 6 -0.775507 0
         27 5 9 1 1
      0 0 0
      0.263157
      0.855
      0.7125
      1.9
      0.526315
      0.421052
      0.1
      0.38
      0.210526
      11 8
         8 5 7 -1.13429 0
         21 9 6 -0.820092 1
         25 5 6 -0.77196 0
         27 5 9 -1.81299 1
         2369 9 8 -0.0824569 1
         2381 2 7 0.871168 1
         2382 5 10 1 1
         2387 10 7 -1.13429 1


   353 92 29
   4
      353 0 92
      0.2375
      0.855
      0.789473
      2.10526
      0.526315
      0.38
      0.1
      0.38
      0.19
      9 3
         19 3 6 1.2138 1
         42 0 6 -0.828288 1
         49 5 8 -1.8141 1
      353 0 93
      0.214344
      0.947366
      0.643031
      1.9
      0.474999
      0.34295
      0.1
      0.379999
      0.19
      10 8
         19 3 6 1.30217 1
         42 0 6 -0.917227 1
         49 5 8 -1.85641 1
         2191 4 8 -1.22485 1
         2367 3 8 -1.64389 0
         2368 3 9 1 1
         2369 9 8 -1.64389 1
         2397 2 8 -0.625283 1
      0 0 0
      0.263157
      0.947367
      0.7125
      1.9
      0.475
      0.38
      0.1
      0.421052
      0.210526
      10 8
         19 3 6 1.26983 1
         42 0 6 -0.832464 1
         49 5 8 -1.8141 1
         2191 4 8 -1.32089 1
         2353 2 6 1.85528 0
         2355 2 9 1 1
         2356 9 6 1.85528 0
         2357 1 6 -0.365173 1
      0 0 0
      0.2375
      0.855
      0.7125
      1.9
      0.526315
      0.421052
      0.1
      0.38
      0.19
      10 7
         19 3 6 1.27788 1
         42 0 6 -0.811237 0
         49 5 8 -1.81947 1
         2356 9 6 -0.811237 1
         2371 0 7 0.398944 1
         2377 1 8 1.37062 1
         2412 0 9 1 1


   353 94 29
   4
      353 0 94
      0.2375
      0.855
      0.7125
      2.10526
      0.526315
      0.421052
      0.1
      0.38
      0.210526
      9 3
         19 3 6 1.10518 1
         68 1 6 -0.521914 0
         69 6 6 -0.159263 1
      0 0 0
      0.263157
      0.947367
      0.7125
      2.10526
      0.526315
      0.38
      0.1
      0.38
      0.210526
      10 8
         19 3 6 1.10518 0
         68 1 6 -0.521914 0
         69 6 6 -0.159263 0
         2356 9 6 -0.159263 1
         2370 0 8 -1.24302 1
         2376 5 6 1.25116 1
         2391 3 7 1.53968 1
         2398 6 9 1 1
      353 0 94
      0.225625
      0.81225
      0.749999
      2
      0.499999
      0.399999
      0.1
      0.361
      0.221606
      10 7
         19 3 6 1.10518 0
         68 1 6 -0.521914 0
         69 6 6 -0.159263 0
         2356 9 6 1.10518 1
         2365 4 7 1.23363 1
         2368 3 9 1 1
         2376 5 6 -0.703449 1
      0 0 0
      0.263157
      0.947367
      0.789473
      1.9
      0.475
      0.38
      0.1
      0.421052
      0.210526
      9 4
         19 3 6 1.05542 1
         68 1 6 -0.425656 0
         69 6 6 -0.242385 1
         2366 0 6 1.3246 0


   353 96 29
   3
      353 0 96
      0.2375
      0.947367
      0.7125
      2.10526
      0.526315
      0.38
      0.1
      0.421052
      0.210526
      11 7
         21 9 6 1.58261 1
         22 1 9 1 0
         23 2 6 -0.861576 0
         33 1 6 0.152858 0
         45 9 7 -1.49034 1
         58 2 10 1 1
         62 10 6 -0.861576 1
      353 0 97
      0.263157
      1.04971
      0.789471
      2.10526
      0.526314
      0.421051
      0.1
      0.466538
      0.210526
      12 8
         21 9 6 1.58261 1
         22 1 9 1 0
         23 2 6 -0.861576 0
         33 1 6 0.152858 0
         45 9 7 -1.49034 0
         58 2 10 1 1
         62 10 6 -0.861576 1
         2372 5 8 1.40856 1
      0 0 0
      0.263157
      0.947367
      0.7125
      2.10526
      0.526315
      0.38
      0.1
      0.421052
      0.19
      11 8
         21 9 6 1.58261 1
         22 1 9 1 0
         23 2 6 -0.861576 0
         33 1 6 0.152858 0
         45 9 7 -1.49034 1
         58 2 10 1 1
         62 10 6 -0.861576 1
         2367 3 8 -1.97374 1


   353 103 28
   3
      353 0 98
      0.277007
      0.81225
      0.676875
      1.805
      0.499999
      0.399999
      0.1
      0.361
      0.221606
      11 6
         19 3 6 0.063452 1
         20 3 9 1 0
         21 9 6 0.063452 0
         23 2 6 -1.34644 0
         48 4 6 0.694441 1
         91 2 9 -1.5465 1
      0 0 0
      0.2375
      0.855
      0.789473
      2.10526
      0.475
      0.421052
      0.1
      0.421052
      0.210526
      12 8
         19 3 6 0.063452 1
         20 3 9 1 0
         21 9 6 0.063452 0
         23 2 6 -1.34644 1
         48 4 6 0.694441 1
         91 2 9 -1.5465 1
         2397 2 8 0.811998 1
         2399 9 11 0.115516 0
      353 0 98
      0.263157
      0.771637
      0.712499
      1.9
      0.474999
      0.379999
      0.1
      0.34295
      0.233269
      11 9
         19 3 6 0.063452 1
         20 3 9 1 0
         21 9 6 0.063452 0
         23 2 6 -1.34644 0
         48 4 6 0.694441 1
         91 2 9 -1.5465 1
         2369 9 8 -1.58403 1
         2370 0 8 0.507338 1
         2400 6 10 -1.9192 1


   353 132 28
   5
      353 0 132
      0.2375
      0.855
      0.7125
      1.9
      0.526315
      0.421052
      0.1
      0.421052
      0.210526
      9 3
         19 3 6 -0.481643 1
         85 4 6 1.36459 1
         114 7 6 0.0102432 1
      0 0 0
      0.263157
      0.855
      0.7125
      2.10526
      0.475
      0.38
      0.1
      0.421052
      0.210526
      9 6
         19 3 6 -0.481643 0
         85 4 6 1.36459 1
         114 7 6 0.0102432 1
         2366 0 6 -1.9648 1
         2367 3 8 -1.01917 1
         2401 6 7 -0.137383 1
      353 0 132
      0.25
      0.899999
      0.749999
      2
      0.499999
      0.399999
      0.1
      0.443212
      0.2
      9 5
         19 3 6 -0.551581 1
         85 4 6 1.44392 1
         114 7 6 -0.0632324 0
         2353 2 6 1.86664 1
         2391 3 7 -1.40845 1
      0 0 0
      0.263157
      0.855
      0.7125
      2.10526
      0.475
      0.421052
      0.1
      0.421052
      0.19
      9 4
         19 3 6 -0.481643 0
         85 4 6 1.36459 1
         114 7 6 0.0102432 1
         2359 1 7 -1.16205 1
      0 0 0
      0.2375
      0.947367
      0.7125
      2.10526
      0.475
      0.421052
      0.1
      0.38
      0.19
      10 5
         19 3 6 -0.481643 1
         85 4 6 1.36459 1
         114 7 6 0.0102432 0
         2356 9 6 0.0102432 1
         2393 7 9 1 1


   353 133 28
   3
      353 0 133
      0.263157
      0.855
      0.7125
      2.10526
      0.526315
      0.421052
      0.1
      0.421052
      0.210526
      10 6
         32 4 6 -1.97449 0
         33 1 6 -0.119503 1
         86 4 9 1 1
         87 9 6 -1.97449 1
         105 2 6 0.768581 1
         112 3 6 -0.846746 1
      0 0 0
      0.263157
      0.855
      0.7125
      1.9
      0.526315
      0.421052
      0.1
      0.38
      0.210526
      13 8
         32 4 6 -1.92315 1
         33 1 6 -0.119503 1
         86 4 9 1 1
         87 9 6 -1.90956 1
         105 2 6 0.752906 1
         112 3 6 -0.846746 1
         2367 3 8 -0.375161 1
         2402 0 12 1.23768 1
      0 0 0
      0.263157
      0.855
      0.7125
      2.10526
      0.526315
      0.38
      0.1
      0.38
      0.19
      11 9
         32 4 6 -1.97449 0
         33 1 6 -0.119503 1
         86 4 9 1 1
         87 9 6 -1.97449 1
         105 2 6 0.768581 1
         112 3 6 -0.846746 0
         2354 5 7 -1.93216 1
         2361 3 10 1 1
         2403 10 6 -0.846746 1


   353 136 28
   6
      353 0 135
      0.277007
      0.81225
      0.676875
      2
      0.554015
      0.399999
      0.1
      0.399999
      0.1805
      10 4
         25 5 6 0.703223 0
         83 1 6 1.67926 0
         87 9 6 1.67926 1
         117 1 9 1 1
      0 0 0
      0.263157
      0.855
      0.789473
      2.10526
      0.475
      0.38
      0.1
      0.421052
      0.210526
      14 10
         25 5 6 0.576083 0
         83 1 6 1.01212 0
         87 9 6 1.73108 1
         117 1 9 0.926725 1
         2323 9 11 -0.827714 1
         2385 10 9 0.972357 1
         2398 6 9 0.401648 0
         2406 0 11 -1.34333 1
         2407 6 13 1 1
         2408 13 9 0.401648 1
      0 0 0
      0.263157
      0.947367
      0.7125
      2.10526
      0.526315
      0.38
      0.1
      0.421052
      0.19
      14 8
         25 5 6 0.560577 0
         83 1 6 0.660124 0
         87 9 6 1.68727 1
         117 1 9 1.06646 0
         2323 9 11 -0.834073 0
         2403 10 6 -0.469958 1
         2408 13 9 1.06646 1
         2409 1 13 1 1
      0 0 0
      0.2375
      0.947367
      0.789473
      2.10526
      0.475
      0.421052
      0.1
      0.421052
      0.210526
      13 7
         25 5 6 0.654567 0
         83 1 6 1.67926 0
         87 9 6 1.67926 1
         117 1 9 1 1
         2323 9 11 -0.751488 1
         2369 9 8 -0.462854 1
         2406 0 11 -0.9783 1
      0 0 0
      0.263157
      0.855
      0.789473
      2.10526
      0.475
      0.38
      0.1
      0.38
      0.210526
      10 7
         25 5 6 0.703223 0
         83 1 6 1.67926 0
         87 9 6 1.67926 1
         117 1 9 1 1
         2390 7 6 -1.13526 1
         2391 3 7 0.111997 1
         2436 3 6 -0.108063 0
      353 0 135
      0.291586
      0.854999
      0.643031
      2.10526
      0.526314
      0.421051
      0.1
      0.421051
      0.171475
      11 8
         25 5 6 0.703223 0
         83 1 6 1.67926 0
         87 9 6 1.67926 1
         117 1 9 1 1
         2355 2 9 -0.616672 1
         2361 3 10 1 1
         2387 10 7 1.29243 1
         2391 3 7 1.29243 0


   353 138 28
   5
      353 0 138
      0.2375
      0.854999
      0.874759
      1.71475
      0.526314
      0.34295
      0.1
      0.421051
      0.210526
      11 6
         26 5 8 -1.75802 0
         32 4 6 1.1484 1
         72 5 6 0.698832 1
         105 2 6 -0.0775434 1
         111 5 9 1.63936 1
         127 6 8 -0.656406 1
      0 0 0
      0.2375
      0.855
      0.789473
      2.10526
      0.526315
      0.421052
      0.1
      0.421052
      0.210526
      11 8
         26 5 8 -1.82697 0
         32 4 6 1.21344 1
         72 5 6 0.671255 1
         105 2 6 -0.11277 1
         111 5 9 1.72951 1
         127 6 8 -0.557281 1
         2359 1 7 1.09906 1
         2381 2 7 -0.946535 1
      0 0 0
      0.2375
      0.855
      0.7125
      1.9
      0.475
      0.38
      0.1
      0.38
      0.210526
      12 13
         26 5 8 -1.71881 1
         32 4 6 1.1484 1
         72 5 6 0.663872 0
         105 2 6 -0.0775434 0
         111 5 9 1.57096 1
         127 6 8 -0.656406 1
         2185 2 10 1.21407 0
         2207 4 10 -0.529733 1
         2224 6 6 -0.151743 1
         2225 2 11 1 1
         2226 11 10 1.21407 1
         2320 11 6 0.0599962 1
         2397 2 8 -1.70809 1
      0 0 0
      0.2375
      0.855
      0.7125
      2.10526
      0.526315
      0.38
      0.1
      0.38
      0.210526
      12 13
         26 5 8 -1.71881 1
         32 4 6 1.1484 0
         72 5 6 0.663872 1
         105 2 6 -0.0775434 0
         111 5 9 1.57096 1
         127 6 8 -0.656406 1
         2185 2 10 1.21407 0
         2207 4 10 -0.529733 1
         2224 6 6 -0.151743 1
         2225 2 11 1 1
         2226 11 10 1.21407 1
         2320 11 6 0.0599962 1
         2410 5 11 1.71825 1
      0 0 0
      0.263157
      0.947367
      0.789473
      2.10526
      0.475
      0.38
      0.1
      0.421052
      0.210526
      11 8
         26 5 8 -1.75802 0
         32 4 6 1.1484 1
         72 5 6 0.698832 1
         105 2 6 -0.0775434 1
         111 5 9 1.63936 1
         127 6 8 -0.656406 1
         2369 9 8 0.194701 1
         2392 7 7 -1.026 1


   353 140 28
   5
      353 0 140
      0.25
      0.899999
      0.749999
      2.21606
      0.499999
      0.399999
      0.1
      0.399999
      0.1805
      10 6
         25 5 6 -0.729868 1
         33 1 6 -0.857396 0
         87 9 6 -0.857396 1
         93 0 6 -1.35065 1
         105 2 6 0.530646 1
         117 1 9 1 1
      0 0 0
      0.2375
      0.947367
      0.789473
      2.10526
      0.526315
      0.38
      0.1
      0.421052
      0.210526
      12 10
         25 5 6 -0.729868 1
         33 1 6 -0.857396 0
         87 9 6 -0.857396 1
         93 0 6 -1.35065 1
         105 2 6 0.530646 1
         117 1 9 1 0
         2284 10 6 -0.729868 1
         2299 5 10 1 1
         2363 1 11 1 1
         2411 11 9 1 1
      353 0 140
      0.263157
      0.947366
      0.712499
      2.10526
      0.526314
      0.379999
      0.1
      0.421051
      0.19
      11 10
         25 5 6 -0.678171 1
         33 1 6 1.70384 0
         87 9 6 -0.912288 1
         93 0 6 -1.34636 1
         105 2 6 0.463989 0
         117 1 9 0.932791 1
         2360 2 10 1 1
         2370 0 8 -1.20404 1
         2397 2 8 -1.44665 1
         2403 10 6 0.463989 1
      0 0 0
      0.2375
      0.855
      0.7125
      1.9
      0.526315
      0.421052
      0.1
      0.421052
      0.19
      11 10
         25 5 6 -0.729868 0
         33 1 6 -0.857396 0
         87 9 6 -0.857396 1
         93 0 6 -1.35065 1
         105 2 6 0.530646 1
         117 1 9 1 1
         2284 10 6 -0.729868 1
         2299 5 10 1 1
         2385 10 9 1.46599 1
         2412 0 9 -1.5806 1
      0 0 0
      0.263157
      0.855
      0.789473
      1.9
      0.475
      0.421052
      0.1
      0.421052
      0.19
      11 7
         25 5 6 -0.729868 1
         33 1 6 -0.857396 0
         87 9 6 -0.857396 1
         93 0 6 -1.35065 1
         105 2 6 0.530646 1
         117 1 9 1 0
         2354 5 7 1.34306 1


   353 74 28
   3
      353 0 142
      0.263157
      0.855
      0.789473
      1.9
      0.526315
      0.421052
      0.1
      0.38
      0.19
      9 3
         32 4 6 -0.572761 1
         93 0 6 0.0213187 1
         132 7 8 -0.58828 1
      102 0 7
      0.277007
      0.997227
      0.749999
      2
      0.499999
      0.361
      0.1
      0.399999
      0.221606
      10 7
         32 4 6 -0.580375 0
         93 0 6 -0.0108688 0
         132 7 8 -0.576992 1
         2292 0 7 0.195388 1
         2353 2 6 1.23294 1
         2356 9 6 -0.0108688 1
         2412 0 9 1 1
      353 0 142
      0.277007
      0.899999
      0.831022
      2
      0.554015
      0.443212
      0.1
      0.399999
      0.1805
      9 5
         32 4 6 -0.572761 1
         93 0 6 0.0213187 1
         132 7 8 -0.58828 1
         2370 0 8 -0.893879 0
         2401 6 7 0.319607 1


   353 131 27
   5
      353 0 131
      0.2375
      0.947367
      0.789473
      1.9
      0.526315
      0.421052
      0.1
      0.38
      0.210526
      9 3
         19 3 6 -0.540645 1
         143 2 6 1.37862 1
         163 7 6 1.0865 1
      353 0 131
      0.225625
      0.899999
      0.749999
      1.805
      0.554015
      0.399999
      0.1
      0.361
      0.2
      10 7
         19 3 6 -0.540645 1
         143 2 6 1.37862 1
         163 7 6 1.0865 1
         2357 1 6 0.651042 1
         2369 9 8 1.66058 1
         2372 5 8 1.66058 0
         2373 5 9 1 1
      0 0 0
      0.263157
      0.855
      0.789473
      2.10526
      0.475
      0.421052
      0.1
      0.38
      0.19
      9 4
         19 3 6 -0.540645 1
         143 2 6 1.37862 1
         163 7 6 1.0865 1
         2357 1 6 1.34127 1
      353 0 131
      0.25
      0.899999
      0.749999
      2
      0.499999
      0.443212
      0.1
      0.361
      0.2
      10 7
         19 3 6 -0.543977 1
         143 2 6 1.42996 1
         163 7 6 1.09529 0
         2356 9 6 1.09529 1
         2357 1 6 0.702018 0
         2367 3 8 0.236215 1
         2393 7 9 1 1
      0 0 0
      0.263157
      0.855
      0.789473
      1.9
      0.526315
      0.38
      0.1
      0.421052
      0.19
      10 7
         19 3 6 -0.540645 0
         143 2 6 1.37862 0
         163 7 6 1.0865 1
         2354 5 7 1.53504 1
         2355 2 9 1 1
         2356 9 6 1.37862 1
         2365 4 7 0.659124 1


   353 92 27
   3
      353 0 143
      0.263157
      0.855
      0.7125
      1.9
      0.475
      0.421052
      0.1
      0.421052
      0.210526
      9 3
         19 3 6 -0.540645 0
         157 5 6 1.7882 1
         168 0 6 -1.65595 1
      353 0 143
      0.25
      0.899999
      0.749999
      2
      0.45125
      0.443212
      0.1
      0.399999
      0.2
      10 6
         19 3 6 -0.540645 0
         157 5 6 1.7882 0
         168 0 6 -1.65595 1
         2353 2 6 1.67497 1
         2356 9 6 1.7882 1
         2373 5 9 1 1
      101 0 4
      0.25
      0.899999
      0.749999
      2
      0.554015
      0.361
      0.1
      0.399999
      0.2
      10 7
         19 3 6 -0.540645 0
         157 5 6 1.7882 1
         168 0 6 -1.65595 1
         2278 5 8 -0.49653 0
         2312 2 7 0.925396 0
         2355 2 9 1 1
         2375 9 7 0.925396 1


   353 90 27
   3
      353 0 129
      0.263157
      0.855
      0.789473
      2.10526
      0.475
      0.38
      0.1
      0.38
      0.19
      11 9
         21 9 6 0.152858 0
         22 1 9 1 1
         33 1 6 0.152858 0
         55 4 9 0.80384 0
         61 9 10 1 1
         62 10 6 0.152858 1
         91 2 9 0.789536 1
         101 10 8 -1.69741 1
         146 2 8 -1.49831 1
      0 0 0
      0.263157
      0.855
      0.789473
      1.9
      0.526315
      0.38
      0.1
      0.421052
      0.19
      13 14
         21 9 6 0.152858 0
         22 1 9 1 1
         33 1 6 0.152858 0
         55 4 9 0.80384 0
         61 9 10 1 1
         62 10 6 -1.01661 0
         91 2 9 0.789536 1
         101 10 8 -1.59818 0
         146 2 8 -1.46904 1
         2183 5 9 -0.648286 1
         2207 4 10 -0.501541 1
         2321 10 11 1.15407 1
         2364 11 10 0.438459 1
         2410 5 11 1.38504 1
      0 0 0
      0.2375
      0.855
      0.789473
      1.9
      0.526315
      0.38
      0.1
      0.38
      0.210526
      13 12
         21 9 6 0.152858 1
         22 1 9 1 1
         33 1 6 0.266884 1
         55 4 9 0.833877 0
         61 9 10 1 1
         62 10 6 0.0717409 1
         91 2 9 0.789536 1
         101 10 8 -1.69741 0
         146 2 8 -1.49831 0
         2370 0 8 0.099717 1
         2414 10 12 1 1
         2415 12 8 -1.69741 1


   353 123 27
   5
      353 0 127
      0.277007
      0.997227
      0.749999
      2
      0.499999
      0.443212
      0.1
      0.399999
      0.2
      12 6
         26 5 8 -1.66418 1
         32 4 6 1.15443 0
         72 5 6 0.63089 0
         96 10 6 0.762226 1
         128 5 10 -0.789959 1
         161 3 9 -0.867793 1
      0 0 0
      0.2375
      0.947367
      0.7125
      2.10526
      0.526315
      0.38
      0.1
      0.421052
      0.210526
      14 13
         26 5 8 -1.66418 0
         32 4 6 1.15443 0
         72 5 6 0.63089 0
         96 10 6 0.762226 1
         128 5 10 -0.789959 1
         161 3 9 -0.867793 0
         2199 4 9 0.681704 1
         2225 2 11 1.8878 1
         2332 5 12 1 1
         2334 12 8 -1.66418 1
         2408 13 9 -0.867793 1
         2416 12 7 0.849882 1
         2417 3 13 1 1
      0 0 0
      0.263157
      0.947367
      0.7125
      2.10526
      0.475
      0.421052
      0.1
      0.38
      0.19
      14 11
         26 5 8 -1.66418 0
         32 4 6 1.15443 0
         72 5 6 0.63089 0
         96 10 6 0.762226 1
         128 5 10 -0.789959 1
         161 3 9 -0.867793 1
         2289 2 6 1.69546 1
         2360 2 10 -0.0315633 1
         2400 6 10 1.38142 1
         2418 5 13 1 0
         2419 13 8 -1.66418 1
      353 0 125
      0.25
      0.997227
      0.676875
      1.805
      0.499999
      0.443212
      0.1
      0.399999
      0.2
      14 15
         26 5 8 -1.66418 0
         32 4 6 1.15443 0
         72 5 6 0.63089 0
         96 10 6 0.762226 1
         128 5 10 -0.789959 0
         161 3 9 -0.867793 1
         2199 4 9 0.681704 0
         2225 2 11 1.8878 1
         2332 5 12 1 1
         2334 12 8 -1.66418 1
         2370 0 8 0.844398 1
         2400 6 10 -1.50771 1
         2408 13 9 0.681704 1
         2420 11 8 1.82761 1
         2421 4 13 1 1
      353 0 127
      0.263157
      1.04971
      0.789471
      2.10526
      0.526314
      0.421051
      0.1
      0.379999
      0.210526
      13 10
         26 5 8 -1.74069 1
         32 4 6 1.16765 0
         72 5 6 0.532112 0
         96 10 6 0.708735 1
         128 5 10 -0.721781 1
         161 3 9 -0.0317575 0
         2371 0 7 0.299495 0
         2380 12 9 -0.0317575 1
         2391 3 7 1.13653 1
         2423 3 12 1 1


   354 78 0
   2
      354 0 152
      0.263157
      0.947367
      0.789473
      2.10526
      0.475
      0.421052
      0.1
      0.38
      0.19
      12 8
         19 3 6 1.36314 1
         20 3 9 0.909235 0
         21 9 6 -0.722314 1
         207 0 8 -0.347715 1
         208 5 9 -1.71236 0
         209 5 11 1 1
         210 11 9 -1.71236 1
         281 3 10 -1.86031 0
      101 0 5
      0.277007
      0.997227
      0.831022
      2
      0.499999
      0.399999
      0.1
      0.399999
      0.221606
      13 13
         19 3 6 1.36219 1
         20 3 9 0.820142 0
         21 9 6 -0.698539 1
         207 0 8 -0.261111 1
         208 5 9 -1.79756 0
         209 5 11 -1.81086 1
         210 11 9 -1.69109 1
         281 3 10 -1.85112 0
         2309 3 7 1.80952 0
         2335 11 7 1.26705 1
         2416 12 7 1.80952 0
         2422 11 6 -1.65807 1
         2423 3 12 1 1


   354 66 0
   2
      354 0 151
      0.263157
      0.947367
      0.7125
      1.9
      0.526315
      0.421052
      0.1
      0.421052
      0.210526
      10 4
         19 3 6 0.240748 1
         195 2 7 -1.98424 0
         197 2 9 1 0
         198 9 7 -1.98424 1
      157 0 23
      0.225625
      0.997227
      0.749999
      1.805
      0.554015
      0.361
      0.1
      0.399999
      0.2
      11 8
         19 3 6 0.240748 0
         195 2 7 -1.98424 0
         197 2 9 1 1
         198 9 7 -1.98424 1
         2291 5 7 0.803545 1
         2304 6 8 -1.52056 1
         2361 3 10 1 1
         2403 10 6 0.240748 1


   354 144 0
   2
      354 0 144
      0.263157
      0.947367
      0.789473
      1.9
      0.475
      0.421052
      0.1
      0.38
      0.210526
      10 3
         19 3 6 -0.540645 0
         287 9 6 -0.540645 0
         289 3 9 1 1
      354 0 145
      0.2375
      1.04971
      0.789471
      1.9
      0.474999
      0.421051
      0.1
      0.34295
      0.233269
      11 6
         19 3 6 -0.540645 0
         287 9 6 -0.540645 0
         289 3 9 1 1
         2273 4 6 0.249709 1
         2293 7 6 0.560939 0
         2404 10 8 -1.27023 1


   354 146 0
   4
      354 0 146
      0.263157
      0.947367
      0.7125
      2.10526
      0.475
      0.38
      0.1
      0.421052
      0.19
      10 6
         23 2 6 -1.16457 0
         25 5 6 -0.199873 1
         225 5 8 -1.31198 1
         254 6 6 0.781694 0
         271 4 9 -1.43237 1
         306 0 9 1.06023 1
      354 0 146
      0.277007
      0.997227
      0.749999
      2
      0.45125
      0.399999
      0.1
      0.399999
      0.2
      11 9
         23 2 6 -1.16457 0
         25 5 6 -0.199873 1
         225 5 8 -1.31198 1
         254 6 6 0.781694 0
         271 4 9 -1.43237 1
         306 0 9 1.06023 0
         2385 10 9 1.06023 1
         2386 0 10 1 1
         2395 7 8 0.938934 1
      0 0 0
      0.263157
      0.947367
      0.7125
      1.9
      0.526315
      0.38
      0.1
      0.38
      0.19
      11 9
         23 2 6 -1.1689 0
         25 5 6 -0.128911 0
         225 5 8 -1.22919 1
         254 6 6 0.84025 0
         271 4 9 -1.45786 1
         306 0 9 1.05732 0
         2366 0 6 0.245131 1
         2385 10 9 1.05732 1
         2386 0 10 1 1
      0 0 0
      0.2375
      0.855
      0.7125
      2.10526
      0.526315
      0.38
      0.1
      0.421052
      0.210526
      10 9
         23 2 6 -1.16457 0
         25 5 6 -0.199873 1
         225 5 8 -1.31198 1
         254 6 6 0.781694 0
         271 4 9 -1.43237 1
         306 0 9 1.06023 1
         2358 1 9 1.90024 1
         2367 3 8 -0.108974 1
         2394 6 8 -1.80595 1


   354 147 0
   4
      354 0 147
      0.263157
      0.947367
      0.7125
      1.9
      0.526315
      0.38
      0.1
      0.38
      0.210526
      12 8
         8 5 7 -1.09063 1
         19 3 6 0.947191 1
         167 5 8 -1.15448 0
         202 2 6 1.5064 0
         239 0 6 -0.283203 0
         297 5 9 -1.89333 1
         299 11 6 -0.283203 1
         311 0 11 1 1
      0 0 0
      0.2375
      0.855
      0.789473
      1.9
      0.526315
      0.421052
      0.1
      0.421052
      0.19
      12 10
         8 5 7 -1.10302 1
         19 3 6 0.142396 0
         167 5 8 -1.15448 0
         202 2 6 1.5064 0
         239 0 6 -0.283203 0
         297 5 9 -1.89333 1
         299 11 6 -0.283203 1
         311 0 11 1.01634 1
         2310 7 9 -0.652325 1
         2316 0 10 -1.30288 1
      0 0 0
      0.2375
      0.947367
      0.7125
      1.9
      0.526315
      0.38
      0.1
      0.38
      0.210526
      12 10
         8 5 7 -1.10302 1
         19 3 6 0.142396 0
         167 5 8 -1.06329 0
         202 2 6 1.41926 0
         239 0 6 -0.341338 1
         297 5 9 -1.87719 1
         299 11 6 -0.199141 1
         311 0 11 1.01634 1
         2310 7 9 -0.652325 1
         2316 0 10 -1.30288 1
      0 0 0
      0.263157
      0.855
      0.7125
      1.9
      0.475
      0.421052
      0.1
      0.38
      0.210526
      13 11
         8 5 7 -1.00328 1
         19 3 6 1.03912 1
         167 5 8 -1.06416 0
         202 2 6 1.32065 0
         239 0 6 -0.309751 1
         297 5 9 -1.83509 1
         299 11 6 -0.358082 0
         311 0 11 1.05862 1
         2390 7 6 -0.24719 1
         2425 11 12 1 1
         2426 12 6 -0.358082 1


   354 149 7
   8
      354 0 149
      0.225625
      0.81225
      0.749999
      2.21606
      0.554015
      0.399999
      0.1
      0.399999
      0.221606
      10 6
         19 3 6 -0.833081 1
         68 1 6 1.7957 0
         69 6 6 -0.212329 1
         273 5 8 -1.3731 0
         297 5 9 1 1
         303 9 8 -1.3731 1
      0 0 0
      0.263157
      0.947367
      0.789473
      1.9
      0.475
      0.38
      0.1
      0.421052
      0.210526
      13 10
         19 3 6 -0.833081 1
         68 1 6 1.7957 0
         69 6 6 -0.212329 0
         273 5 8 -1.3731 0
         297 5 9 1 1
         303 9 8 -1.32433 1
         2371 0 7 1.38843 1
         2412 0 9 1.70542 1
         2426 12 6 -0.212329 0
         2427 6 12 1 1
      0 0 0
      0.263157
      0.855
      0.789473
      1.9
      0.475
      0.421052
      0.1
      0.38
      0.210526
      13 12
         19 3 6 -0.902364 0
         68 1 6 1.78591 0
         69 6 6 -0.153481 0
         273 5 8 -1.35705 0
         297 5 9 1.98628 1
         303 9 8 -1.32433 1
         2316 0 10 0.779177 1
         2325 2 11 -1.47506 1
         2368 3 9 0.345183 1
         2392 7 7 1.78528 1
         2426 12 6 -0.153481 1
         2427 6 12 1 1
      0 0 0
      0.2375
      0.947367
      0.789473
      2.10526
      0.475
      0.421052
      0.1
      0.38
      0.19
      12 8
         19 3 6 -0.902364 1
         68 1 6 1.7957 0
         69 6 6 -0.153481 1
         273 5 8 -1.35705 1
         297 5 9 1.98628 1
         303 9 8 -1.3731 1
         2376 5 6 1.56426 1
         2389 11 7 -0.173607 1
      0 0 0
      0.263157
      0.947367
      0.789473
      2.10526
      0.475
      0.38
      0.1
      0.38
      0.19
      13 12
         19 3 6 -0.902364 1
         68 1 6 1.78591 0
         69 6 6 -0.153481 1
         273 5 8 -1.3731 0
         297 5 9 1 1
         303 9 8 -1.3731 1
         2316 0 10 0.779177 1
         2325 2 11 -1.47506 1
         2383 1 10 -0.571604 0
         2400 6 10 1.85341 0
         2428 1 12 1 1
         2429 12 10 -0.571604 1
      0 0 0
      0.263157
      0.947367
      0.7125
      2.10526
      0.475
      0.421052
      0.1
      0.421052
      0.210526
      11 9
         19 3 6 -0.833081 0
         68 1 6 1.7957 0
         69 6 6 -0.212329 1
         273 5 8 -1.3731 0
         297 5 9 1 1
         303 9 8 -1.3731 1
         2361 3 10 1 1
         2391 3 7 1.81622 1
         2403 10 6 -0.833081 1
      354 0 149
      0.214344
      0.771637
      0.712499
      2.10526
      0.526314
      0.421051
      0.1
      0.379999
      0.210526
      10 8
         19 3 6 -0.833081 1
         68 1 6 1.7957 0
         69 6 6 -0.212329 1
         273 5 8 -1.3731 0
         297 5 9 1 1
         303 9 8 -1.3731 1
         2368 3 9 1.35107 1
         2378 4 6 -0.510498 0
      354 0 149
      0.214344
      0.854999
      0.712499
      2.33269
      0.583173
      0.421051
      0.1
      0.421051
      0.233269
      11 6
         19 3 6 -0.76046 1
         68 1 6 1.85833 1
         69 6 6 -0.172914 1
         273 5 8 1.41185 0
         297 5 9 0.92745 1
         303 9 8 -1.39737 1


   353 123 24
   4
      353 0 124
      0.2375
      0.855
      0.7125
      1.9
      0.475
      0.38
      0.1
      0.421052
      0.19
      12 12
         8 5 7 -1.06434 0
         21 9 6 -0.775507 1
         25 5 6 -0.775507 0
         27 5 9 1 0
         221 4 9 -1.96926 1
         227 10 9 1 0
         249 5 10 1 1
         342 9 10 0.978858 1
         348 6 6 0.078737 0
         356 0 9 -0.0409206 1
         357 5 11 1 1
         358 11 7 -1.06434 1
      0 0 0
      0.2375
      0.947367
      0.7125
      1.9
      0.526315
      0.421052
      0.1
      0.38
      0.210526
      13 17
         8 5 7 -0.993413 1
         21 9 6 -0.797027 0
         25 5 6 -0.745694 0
         27 5 9 1.02213 0
         221 4 9 -1.96437 1
         227 10 9 1.07294 0
         249 5 10 1.04165 0
         342 9 10 -1.11652 1
         348 6 6 0.0132118 0
         356 0 9 0.161347 1
         357 5 11 0.91617 1
         358 11 7 -1.11214 1
         2294 3 9 -1.67306 1
         2332 5 12 0.987325 1
         2333 12 10 1.05724 1
         2372 5 8 -0.14669 1
         2415 12 8 -1.33592 1
      0 0 0
      0.263157
      0.947367
      0.789473
      2.10526
      0.526315
      0.421052
      0.1
      0.421052
      0.210526
      14 16
         8 5 7 -1.01292 1
         21 9 6 -0.766192 0
         25 5 6 -0.695228 0
         27 5 9 1.03158 0
         221 4 9 -2.03308 1
         227 10 9 1.00615 0
         249 5 10 1.07377 1
         342 9 10 0.957716 1
         348 6 6 0.156677 0
         356 0 9 -0.0378139 1
         357 5 11 0.916483 1
         358 11 7 -0.997463 1
         2396 4 8 -0.254835 1
         2397 2 8 -0.954878 1
         2430 9 13 1 1
         2431 13 6 -0.766192 1
      0 0 0
      0.263157
      0.947367
      0.789473
      2.10526
      0.475
      0.38
      0.1
      0.38
      0.210526
      14 19
         8 5 7 -1.06434 1
         21 9 6 -0.775507 1
         25 5 6 -0.775507 0
         27 5 9 1 0
         221 4 9 -1.96926 1
         227 10 9 1 0
         249 5 10 1 0
         342 9 10 0.978858 1
         348 6 6 0.078737 0
         356 0 9 -0.0409206 1
         357 5 11 1 1
         358 11 7 -1.06434 1
         2294 3 9 -1.70887 0
         2332 5 12 1 1
         2333 12 10 1 1
         2408 13 9 -1.70887 1
         2415 12 8 -0.944969 1
         2417 3 13 1 1
         2432 2 11 1.09811 1


   353 122 24
   4
      353 0 122
      0.263157
      0.947367
      0.789473
      2.10526
      0.526315
      0.421052
      0.1
      0.38
      0.19
      10 7
         32 4 6 -1.97449 1
         33 1 6 -0.119503 1
         348 6 6 0.807978 0
         361 5 6 1.59338 1
         366 9 6 0.807978 1
         367 0 6 0.284774 1
         368 6 9 1 1
      0 0 0
      0.263157
      0.947367
      0.789473
      2.10526
      0.475
      0.421052
      0.1
      0.421052
      0.19
      11 12
         32 4 6 -1.88144 1
         33 1 6 -0.128651 1
         348 6 6 0.847471 0
         361 5 6 1.64285 1
         366 9 6 0.874995 1
         367 0 6 0.192487 1
         368 6 9 1.00705 1
         2354 5 7 0.008461 1
         2373 5 9 -0.957702 1
         2375 9 7 1.59707 1
         2383 1 10 1 1
         2403 10 6 -0.128651 1
      353 0 122
      0.25
      0.997227
      0.749999
      2.21606
      0.499999
      0.399999
      0.1
      0.361
      0.1805
      11 11
         32 4 6 -2.0466 1
         33 1 6 -0.106669 1
         348 6 6 0.878352 1
         361 5 6 1.6295 1
         366 9 6 0.544036 1
         367 0 6 0.215024 1
         368 6 9 0.948967 0
         2373 5 9 0.77085 1
         2385 10 9 0.948967 1
         2400 6 10 1 1
         2412 0 9 -0.310102 1
      0 0 0
      0.2375
      0.947367
      0.789473
      1.9
      0.475
      0.421052
      0.1
      0.38
      0.210526
      10 8
         32 4 6 -2.05684 1
         33 1 6 -0.0427109 1
         348 6 6 0.794463 0
         361 5 6 1.6768 1
         366 9 6 0.902466 1
         367 0 6 0.311817 1
         368 6 9 1.05886 1
         2358 1 9 -0.0815178 1


   353 121 24
   4
      353 0 121
      0.263157
      0.854999
      0.712499
      1.9
      0.583173
      0.466538
      0.1
      0.421051
      0.171475
      10 4
         25 5 6 0.580386 0
         267 3 6 1.5682 0
         365 3 9 1 0
         366 9 6 1.5682 1
      0 0 0
      0.2375
      0.855
      0.789473
      1.9
      0.526315
      0.421052
      0.1
      0.421052
      0.210526
      11 8
         25 5 6 0.580386 0
         267 3 6 1.5682 0
         365 3 9 1 0
         366 9 6 1.5682 0
         2361 3 10 1 1
         2371 0 7 -0.537526 1
         2387 10 7 -1.01334 1
         2391 3 7 -1.01334 0
      0 0 0
      0.2375
      0.947367
      0.7125
      1.9
      0.475
      0.421052
      0.1
      0.38
      0.19
      10 4
         25 5 6 0.580386 0
         267 3 6 1.5682 0
         365 3 9 1 0
         366 9 6 1.5682 1
      0 0 0
      0.2375
      0.947367
      0.7125
      1.9
      0.526315
      0.421052
      0.1
      0.38
      0.19
      10 5
         25 5 6 0.580386 0
         267 3 6 1.5682 0
         365 3 9 1 0
         366 9 6 1.5682 1
         2377 1 8 0.123178 1


   353 82 24
   2
      353 0 46
      0.2375
      0.855
      0.7125
      1.9
      0.526315
      0.38
      0.1
      0.38
      0.210526
      12 10
         8 5 7 -1.09063 1
         19 3 6 0.947191 0
         167 5 8 -1.15448 1
         202 2 6 1.5064 0
         239 0 6 -0.283203 1
         312 10 9 -1.70828 1
         346 11 9 1.79354 1
         356 0 9 0.0539086 1
         374 4 9 1.79354 1
         389 4 11 1 1
      353 0 46
      0.225625
      0.81225
      0.749999
      2
      0.554015
      0.399999
      0.1
      0.399999
      0.2
      13 12
         8 5 7 -1.09063 1
         19 3 6 0.947191 0
         167 5 8 -1.15448 1
         202 2 6 1.5064 0
         239 0 6 -0.283203 1
         312 10 9 -1.70828 0
         346 11 9 1.79354 1
         356 0 9 0.0539086 1
         374 4 9 1.79354 1
         389 4 11 1 0
         2380 12 9 -1.70828 1
         2414 10 12 1 1


   353 118 21
   3
      353 0 118
      0.277007
      0.899999
      0.831022
      2
      0.554015
      0.399999
      0.1
      0.399999
      0.2
      12 11
         14 4 9 1 0
         21 9 6 -1.09418 1
         32 4 6 -1.09418 0
         433 2 6 -1.10188 1
         468 5 8 -1.07332 1
         471 5 9 1.38284 1
         488 4 10 1 1
         489 10 6 -1.09418 1
         554 5 10 0.478589 1
         571 4 11 1 1
         572 11 9 1 1
      353 0 118
      0.263157
      0.947366
      0.874759
      2.10526
      0.526314
      0.379999
      0.1
      0.379999
      0.19
      13 14
         14 4 9 1 0
         21 9 6 -1.09418 1
         32 4 6 -1.09418 0
         433 2 6 -1.10188 1
         468 5 8 -1.07332 1
         471 5 9 1.38284 1
         488 4 10 1 1
         489 10 6 -1.09418 1
         554 5 10 0.478589 1
         571 4 11 1 0
         572 11 9 1 1
         2379 7 12 1 1
         2395 7 8 1.16498 0
         2415 12 8 1.16498 1
      0 0 0
      0.2375
      0.947367
      0.7125
      2.10526
      0.475
      0.421052
      0.1
      0.421052
      0.19
      13 15
         14 4 9 0.933543 0
         21 9 6 -1.02376 1
         32 4 6 -1.04729 0
         433 2 6 -1.04467 1
         468 5 8 -1.07055 0
         471 5 9 1.32823 1
         488 4 10 0.915244 1
         489 10 6 -1.09484 1
         554 5 10 0.484526 1
         571 4 11 1.00483 1
         572 11 9 1.03544 1
         2367 3 8 1.02428 1
         2415 12 8 -1.07055 1
         2433 6 11 -0.16728 1
         2434 5 12 1 1


   353 126 18
   5
      353 0 126
      0.263157
      0.947367
      0.7125
      2.10526
      0.526315
      0.421052
      0.1
      0.421052
      0.210526
      10 6
         26 5 8 -1.83168 0
         32 4 6 1.23599 0
         776 5 7 -1.46944 1
         795 2 6 0.366082 1
         803 9 8 -1.83168 1
         806 5 9 1 1
      0 0 0
      0.2375
      0.855
      0.789473
      1.9
      0.475
      0.421052
      0.1
      0.421052
      0.210526
      11 6
         26 5 8 -1.83168 0
         32 4 6 1.23599 0
         776 5 7 -1.46944 1
         795 2 6 0.366082 1
         803 9 8 -1.83168 1
         806 5 9 1 1
      0 0 0
      0.263157
      0.947367
      0.7125
      1.9
      0.475
      0.421052
      0.1
      0.38
      0.210526
      10 8
         26 5 8 -1.35495 0
         32 4 6 1.30999 0
         776 5 7 -1.50823 1
         795 2 6 0.357523 1
         803 9 8 -1.89469 1
         806 5 9 0.928792 1
         2356 9 6 -1.91245 1
         2390 7 6 -0.0025383 1
      353 0 126
      0.25
      0.899999
      0.676875
      2
      0.554015
      0.443212
      0.1
      0.443212
      0.2
      11 9
         26 5 8 -0.893208 0
         32 4 6 1.16022 0
         776 5 7 -1.46045 1
         795 2 6 0.368273 0
         803 9 8 -1.89037 0
         806 5 9 0.994434 1
         2391 3 7 1.84183 1
         2404 10 8 -1.89037 1
         2435 9 10 1 1
      353 0 126
      0.277007
      0.899999
      0.676875
      2.21606
      0.499999
      0.443212
      0.1
      0.443212
      0.221606
      10 8
         26 5 8 -1.83168 0
         32 4 6 1.23599 0
         776 5 7 -1.46944 0
         795 2 6 0.366082 1
         803 9 8 -1.83168 1
         806 5 9 1 1
         2356 9 6 1.78206 1
         2375 9 7 0.85971 1


   353 35 18
   1
      353 0 35
      0.263157
      0.947367
      0.789473
      1.9
      0.475
      0.421052
      0.1
      0.38
      0.210526
      10 5
         19 3 6 0.116307 0
         776 5 7 -1.66806 1
         803 9 8 -1.51882 0
         830 7 9 1 1
         839 7 8 -1.51882 0


   353 47 17
   1
      353 0 47
      0.2375
      0.947367
      0.7125
      2.10526
      0.526315
      0.421052
      0.1
      0.38
      0.210526
      10 4
         32 4 6 -0.572761 0
         855 3 7 -1.94528 0
         870 3 9 1 1
         881 9 7 -1.94528 1


   353 49 16
   2
      353 0 49
      0.263157
      0.947367
      0.7125
      1.9
      0.526315
      0.38
      0.1
      0.421052
      0.19
      10 5
         33 1 6 1.14827 0
         942 5 6 -0.271842 0
         953 4 7 -1.75112 0
         976 9 7 -1.75112 1
         980 4 9 1 1
      0 0 0
      0.2375
      0.947367
      0.789473
      1.9
      0.475
      0.421052
      0.1
      0.38
      0.19
      11 7
         33 1 6 1.14827 0
         942 5 6 -0.271842 0
         953 4 7 -1.75112 0
         976 9 7 -1.75112 0
         980 4 9 1 1
         2387 10 7 -1.75112 1
         2435 9 10 1 1


   353 48 16
   2
      353 0 48
      0.2375
      0.855
      0.789473
      1.9
      0.475
      0.38
      0.1
      0.38
      0.19
      15 17
         25 5 6 -0.821245 0
         33 1 6 -0.782477 0
         87 9 6 -0.945675 0
         93 0 6 -1.35585 1
         105 2 6 0.565304 0
         117 1 9 0.973354 0
         645 4 6 0.78378 1
         719 1 11 -0.997724 1
         740 11 6 -1.13998 0
         741 5 12 1.08362 1
         742 12 6 -0.737472 1
         819 7 11 1.70454 1
         897 3 10 -0.339195 1
         996 9 12 0.499105 1
         997 6 12 -1.99719 1
         998 1 14 1 1
         999 14 9 0.973354 1
      0 0 0
      0.263157
      0.947367
      0.789473
      1.9
      0.475
      0.421052
      0.1
      0.421052
      0.210526
      16 20
         25 5 6 -0.821245 0
         33 1 6 -0.782477 0
         87 9 6 -0.945675 0
         93 0 6 -1.35585 1
         105 2 6 0.565304 0
         117 1 9 0.973354 0
         645 4 6 0.78378 1
         719 1 11 -0.997724 1
         740 11 6 -1.13998 0
         741 5 12 1.08362 1
         742 12 6 -0.737472 1
         819 7 11 1.70454 0
         897 3 10 -0.339195 1
         996 9 12 0.499105 1
         997 6 12 -1.99719 1
         998 1 14 1 1
         999 14 9 0.973354 1
         2442 4 14 -0.525359 1
         2443 7 15 1 1
         2444 15 11 1.70454 1


   353 44 15
   1
      353 0 45
      0.277007
      0.899999
      0.676875
      2.21606
      0.45125
      0.443212
      0.1
      0.443212
      0.221606
      11 8
         19 3 6 -0.591255 0
         157 5 6 1.18041 0
         168 0 6 1.02297 1
         960 9 6 1.09558 1
         964 5 9 1.04335 1
         1025 9 7 -1.40011 1
         1034 3 7 -0.769329 0
         1054 7 7 -1.64472 1


   353 43 15
   1
      353 0 43
      0.2375
      0.947367
      0.789473
      2.10526
      0.526315
      0.421052
      0.1
      0.38
      0.19
      16 19
         26 5 8 -1.66418 1
         32 4 6 1.15443 1
         72 5 6 0.63089 1
         96 10 6 0.762226 1
         128 5 10 -0.789959 1
         161 3 9 -0.867793 1
         748 0 10 0.110778 0
         749 9 13 0.500238 1
         828 13 10 0.0415421 1
         829 5 13 -0.00952314 1
         830 7 9 1.26311 1
         909 13 9 -1.17399 0
         910 5 14 1.36624 1
         911 0 13 1.80848 1
         1002 14 8 -0.383443 1
         1066 0 15 1 1
         1070 1 6 -0.658218 1
         1074 12 7 -1.33596 1
         1075 15 10 0.110778 1


   353 42 14
   2
      353 0 42
      0.2375
      0.855
      0.789473
      1.9
      0.526315
      0.38
      0.1
      0.421052
      0.19
      9 3
         7 0 6 0.0154904 0
         1100 5 8 -1.65605 1
         1101 7 6 0.18214 1
      0 0 0
      0.263157
      0.947367
      0.789473
      2.10526
      0.475
      0.421052
      0.1
      0.421052
      0.19
      10 6
         7 0 6 0.0154904 0
         1100 5 8 -1.65605 1
         1101 7 6 0.18214 0
         2356 9 6 0.18214 1
         2371 0 7 0.452063 1
         2393 7 9 1 1


   353 41 14
   1
      353 0 41
      0.277007
      0.997227
      0.749999
      2
      0.499999
      0.443212
      0.1
      0.443212
      0.2
      10 5
         33 1 6 1.14827 0
         1105 5 6 -0.431469 0
         1108 5 7 -1.95891 1
         1123 9 6 -0.431469 1
         1137 5 9 1 1


   353 40 13
   2
      353 0 40
      0.2375
      0.947367
      0.789473
      2.10526
      0.526315
      0.421052
      0.1
      0.38
      0.210526
      13 14
         10 7 9 1 1
         21 9 6 -0.663615 1
         25 5 6 1.93563 1
         28 7 6 -0.663615 1
         1031 4 6 1.31583 1
         1041 5 10 1 1
         1042 10 6 1.93563 1
         1125 2 6 0.942925 1
         1126 2 11 1 1
         1127 11 6 0.942925 0
         1196 4 11 0.319899 1
         1197 3 9 0.0174444 1
         1198 11 12 1 1
         1199 12 6 0.942925 1
      0 0 0
      0.263157
      0.947367
      0.789473
      1.9
      0.475
      0.421052
      0.1
      0.38
      0.210526
      13 16
         10 7 9 1 1
         21 9 6 -0.663615 1
         25 5 6 1.93563 1
         28 7 6 -0.663615 1
         1031 4 6 1.31583 1
         1041 5 10 1 1
         1042 10 6 1.93563 1
         1125 2 6 0.942925 1
         1126 2 11 1 1
         1127 11 6 0.942925 0
         1196 4 11 0.319899 1
         1197 3 9 0.0174444 1
         1198 11 12 1 0
         1199 12 6 0.942925 1
         2373 5 9 -1.87543 1
         2445 7 11 0.210845 1


   353 39 13
   1
      353 0 39
      0.277007
      0.899999
      0.831022
      2
      0.554015
      0.399999
      0.1
      0.399999
      0.2
      9 3
         33 1 6 1.14827 0
         1177 2 8 -1.41968 1
         1183 5 8 -1.69987 0


   353 38 13
   1
      353 0 38
      0.263157
      0.855
      0.7125
      1.9
      0.475
      0.38
      0.1
      0.421052
      0.210526
      11 9
         32 4 6 -0.613815 1
         93 0 6 -0.0397631 0
         132 7 8 -0.627437 1
         1037 9 6 -0.613815 1
         1068 4 9 1 1
         1181 0 10 1 1
         1193 3 6 -1.44963 1
         1195 10 6 -0.0397631 1
         1205 7 6 -1.25337 1


   353 36 10
   1
      353 0 37
      0.2375
      0.855
      0.789473
      1.9
      0.526315
      0.38
      0.1
      0.38
      0.19
      11 10
         19 3 6 1.28075 0
         42 0 6 -0.757957 0
         49 5 8 -1.86726 1
         1354 9 6 -0.864733 1
         1357 1 6 0.600012 1
         1364 6 7 -1.32905 1
         1371 0 9 0.9067 1
         1427 9 8 -1.08532 1
         1452 3 10 1 1
         1453 10 6 1.28075 0


   353 33 6
   4
      353 0 33
      0.225625
      0.899999
      0.831022
      2
      0.499999
      0.361
      0.1
      0.443212
      0.221606
      13 12
         8 5 7 -1.06434 1
         21 9 6 -0.852941 1
         25 5 6 -0.852941 0
         27 5 9 1 0
         1609 9 10 1 1
         1610 10 6 -0.775507 1
         1625 6 7 -1.6146 1
         1698 5 11 1 1
         1699 11 9 1 0
         1808 0 11 -0.555766 1
         1809 11 12 1 1
         1810 12 9 1 1
      0 0 0
      0.2375
      0.947367
      0.789473
      1.9
      0.475
      0.421052
      0.1
      0.38
      0.210526
      14 16
         8 5 7 -1.06434 1
         21 9 6 -0.852941 1
         25 5 6 -0.852941 0
         27 5 9 1 0
         1609 9 10 1 1
         1610 10 6 -0.775507 1
         1625 6 7 -1.6146 1
         1698 5 11 1 1
         1699 11 9 1 0
         1808 0 11 -0.555766 0
         1809 11 12 1 1
         1810 12 9 1 1
         2355 2 9 -0.0389819 1
         2390 7 6 -1.09453 1
         2440 11 13 1 1
         2441 13 12 1 1
      0 0 0
      0.2375
      0.947367
      0.789473
      1.9
      0.526315
      0.421052
      0.1
      0.38
      0.210526
      14 14
         8 5 7 -1.06434 1
         21 9 6 -0.852941 1
         25 5 6 -0.852941 0
         27 5 9 1 1
         1609 9 10 1 1
         1610 10 6 -0.775507 1
         1625 6 7 -1.6146 1
         1698 5 11 1 1
         1699 11 9 1 0
         1808 0 11 -0.555766 1
         1809 11 12 1 1
         1810 12 9 1 1
         2394 6 8 0.691692 1
         2428 1 12 0.991179 1
      0 0 0
      0.2375
      0.855
      0.789473
      2.10526
      0.526315
      0.38
      0.1
      0.38
      0.19
      14 16
         8 5 7 -1.06434 1
         21 9 6 -0.852941 1
         25 5 6 -0.852941 0
         27 5 9 1 0
         1609 9 10 1 1
         1610 10 6 -0.775507 1
         1625 6 7 -1.6146 1
         1698 5 11 1 1
         1699 11 9 1 0
         1808 0 11 -0.555766 0
         1809 11 12 1 1
         1810 12 9 1 1
         2371 0 7 -1.68036 1
         2375 9 7 -1.02321 1
         2446 0 13 1 1
         2447 13 11 -0.555766 1


   353 66 6
   2
      353 0 66
      0.2375
      0.947367
      0.7125
      1.9
      0.526315
      0.38
      0.1
      0.38
      0.19
      13 13
         19 3 6 0.298959 0
         195 2 7 -2.06205 1
         197 2 9 1.04359 0
         198 9 7 -2.04849 0
         1609 9 10 1 1
         1645 10 7 -2.04849 1
         1721 0 7 0.0535337 1
         1738 11 6 0.298959 0
         1749 3 11 1 1
         1788 10 11 -0.917064 1
         1809 11 12 1 1
         1817 12 6 0.298959 1
         1829 2 11 0.326977 1
      0 0 0
      0.2375
      0.855
      0.789473
      2.10526
      0.475
      0.38
      0.1
      0.421052
      0.210526
      13 16
         19 3 6 0.260757 0
         195 2 7 -2.0344 1
         197 2 9 1.8441 0
         198 9 7 -2.09551 0
         1609 9 10 1.00132 0
         1645 10 7 -1.9578 1
         1721 0 7 0.036159 1
         1738 11 6 0.336525 0
         1749 3 11 -0.980849 1
         1788 10 11 -0.979154 1
         1809 11 12 1.41904 1
         1817 12 6 0.267048 1
         1829 2 11 -1.43908 1
         2380 12 9 0.469444 1
         2393 7 9 0.486511 1
         2399 9 11 -1.97043 1


   353 80 6
   2
      353 0 80
      0.263157
      0.855
      0.7125
      1.9
      0.475
      0.421052
      0.1
      0.38
      0.210526
      10 5
         32 4 6 -0.494347 0
         1764 0 9 1 1
         1780 5 7 -1.32813 1
         1787 9 6 0.24537 1
         1803 0 6 0.24537 0
      0 0 0
      0.2375
      0.947367
      0.7125
      1.9
      0.526315
      0.421052
      0.1
      0.38
      0.210526
      10 7
         32 4 6 -0.494347 1
         1764 0 9 1 1
         1780 5 7 -1.32813 1
         1787 9 6 0.24537 1
         1803 0 6 0.24537 0
         2358 1 9 0.282015 1
         2436 3 6 -1.23135 1


   353 79 5
   2
      353 0 79
      0.2375
      0.855
      0.7125
      1.9
      0.475
      0.38
      0.1
      0.421052
      0.210526
      10 6
         32 4 6 -1.97449 0
         33 1 6 -0.119503 0
         1786 1 9 1 1
         1787 9 6 -0.119503 1
         1851 5 7 -1.05838 1
         1859 2 6 0.275262 1
      0 0 0
      0.2375
      0.855
      0.789473
      1.9
      0.526315
      0.38
      0.1
      0.421052
      0.210526
      11 9
         32 4 6 -1.91318 1
         33 1 6 -0.12703 0
         1786 1 9 -1.45547 1
         1787 9 6 -0.0291548 1
         1851 5 7 -1.12524 0
         1859 2 6 1.27568 1
         2382 5 10 1 1
         2387 10 7 -1.12524 1
         2401 6 7 1.94636 1


   353 77 5
   2
      353 0 78
      0.2375
      0.855
      0.7125
      2.10526
      0.475
      0.421052
      0.1
      0.38
      0.210526
      10 4
         23 2 6 1.47842 0
         25 5 6 -0.199873 0
         1867 5 9 1 0
         1868 9 6 -0.199873 1
      0 0 0
      0.263157
      0.855
      0.7125
      2.10526
      0.475
      0.38
      0.1
      0.421052
      0.19
      11 6
         23 2 6 1.3954 0
         25 5 6 -0.160508 0
         1867 5 9 0.961493 0
         1868 9 6 -0.181216 1
         2387 10 7 1.98284 1
         2435 9 10 0.666306 1


   353 76 5
   3
      353 0 76
      0.2375
      0.855
      0.789473
      2.10526
      0.475
      0.38
      0.1
      0.38
      0.210526
      12 9
         7 0 6 1.23891 1
         33 1 6 1.96543 1
         34 6 6 -0.291535 0
         1691 9 8 -1.1035 1
         1705 3 9 1.6604 1
         1776 5 10 1.38684 0
         1801 5 11 1 0
         1802 11 10 1.38684 1
         1869 7 6 -0.965303 1
      353 0 76
      0.225625
      0.899999
      0.831022
      2.21606
      0.45125
      0.361
      0.1
      0.399999
      0.221606
      12 10
         7 0 6 1.23891 1
         33 1 6 1.96543 1
         34 6 6 -0.291535 0
         1691 9 8 -1.1035 1
         1705 3 9 1.6604 0
         1776 5 10 1.38684 0
         1801 5 11 1 0
         1802 11 10 1.38684 1
         1869 7 6 -0.965303 1
         2385 10 9 0.464338 1
      0 0 0
      0.2375
      0.855
      0.7125
      2.10526
      0.475
      0.421052
      0.1
      0.421052
      0.210526
      13 10
         7 0 6 1.23891 1
         33 1 6 1.96543 1
         34 6 6 -0.291535 0
         1691 9 8 -1.1035 1
         1705 3 9 1.6604 1
         1776 5 10 1.38684 0
         1801 5 11 1 1
         1802 11 10 1.38684 1
         1869 7 6 -0.965303 1
         2378 4 6 0.378734 1


   353 75 5
   2
      353 0 75
      0.2375
      0.855
      0.7125
      2.10526
      0.526315
      0.421052
      0.1
      0.38
      0.210526
      14 18
         23 2 6 -1.16457 0
         25 5 6 -0.199873 1
         225 5 8 -1.31198 1
         254 6 6 0.781694 0
         271 4 9 -1.43237 1
         306 0 9 1.06023 1
         1434 1 9 0.292429 0
         1520 2 8 -0.679454 1
         1544 10 8 -0.923318 1
         1563 5 11 1.01643 0
         1569 11 8 -1.29151 0
         1660 1 12 1 1
         1661 12 9 0.292429 1
         1723 0 6 0.464836 0
         1882 10 7 -1.32548 1
         1902 7 9 -1.43637 1
         1903 5 13 1 0
         1904 13 11 1.01643 1
      353 0 75
      0.225625
      0.81225
      0.749999
      2
      0.554015
      0.443212
      0.1
      0.361
      0.221606
      15 21
         23 2 6 -1.16457 0
         25 5 6 -0.199873 1
         225 5 8 -1.31198 1
         254 6 6 0.781694 0
         271 4 9 -1.43237 1
         306 0 9 1.06023 1
         1434 1 9 0.292429 0
         1520 2 8 -0.679454 1
         1544 10 8 -0.923318 1
         1563 5 11 1.01643 0
         1569 11 8 -1.29151 0
         1660 1 12 1 1
         1661 12 9 0.292429 1
         1723 0 6 0.464836 0
         1882 10 7 -1.32548 0
         1902 7 9 -1.43637 1
         1903 5 13 1 0
         1904 13 11 1.01643 1
         2399 9 11 1.84866 1
         2437 10 14 1 1
         2438 14 7 -1.32548 1


   353 73 4
   3
      353 0 74
      0.25
      0.81225
      0.749999
      2.21606
      0.45125
      0.361
      0.1
      0.443212
      0.2
      11 7
         7 0 6 -0.0206693 1
         1849 5 6 -1.69466 0
         1934 5 7 0.322897 1
         1935 2 6 -0.308389 1
         1936 7 7 -1.82726 1
         1937 5 10 1 1
         1938 10 6 -1.69466 1
      0 0 0
      0.2375
      0.947367
      0.7125
      2.10526
      0.526315
      0.421052
      0.1
      0.421052
      0.210526
      13 14
         7 0 6 -0.0206693 1
         1849 5 6 -1.69466 0
         1934 5 7 0.322897 1
         1935 2 6 -0.308389 0
         1936 7 7 -1.82726 1
         1937 5 10 1 1
         1938 10 6 -1.69466 1
         2273 4 6 1.0878 1
         2298 0 9 -0.158046 0
         2317 11 9 -0.158046 1
         2322 0 11 1 1
         2359 1 7 0.816668 1
         2426 12 6 -0.308389 1
         2439 2 12 1 1
      0 0 0
      0.2375
      0.947367
      0.789473
      2.10526
      0.526315
      0.421052
      0.1
      0.421052
      0.210526
      12 10
         7 0 6 -0.0206693 1
         1849 5 6 -1.69466 0
         1934 5 7 0.322897 1
         1935 2 6 -0.308389 0
         1936 7 7 -1.82726 1
         1937 5 10 1 1
         1938 10 6 -1.69466 0
         2385 10 9 1.27921 1
         2388 10 11 1 1
         2422 11 6 -1.69466 1


   353 71 4
   2
      353 0 72
      0.263157
      0.947367
      0.7125
      2.10526
      0.526315
      0.38
      0.1
      0.38
      0.210526
      11 4
         7 0 6 -0.0206693 1
         1939 2 9 1.83115 0
         1940 2 10 1 1
         1941 10 9 1.83115 1
      0 0 0
      0.263157
      0.947367
      0.789473
      2.10526
      0.475
      0.38
      0.1
      0.38
      0.19
      12 8
         7 0 6 -0.0206693 0
         1939 2 9 1.83115 0
         1940 2 10 1 0
         1941 10 9 1.83115 1
         2367 3 8 -1.79485 1
         2368 3 9 1.38099 1
         2406 0 11 1 1
         2422 11 6 -0.0206693 1


   353 69 4
   3
      353 0 70
      0.263157
      0.947367
      0.7125
      1.9
      0.475
      0.421052
      0.1
      0.421052
      0.210526
      11 9
         4 2 9 1 1
         21 9 6 -1.3423 1
         23 2 6 -1.3423 1
         1861 4 9 -0.963468 1
         1874 9 7 -0.745132 1
         1926 7 7 -1.52224 1
         1941 10 9 -1.176 1
         1943 0 9 -1.176 0
         1944 0 10 1 1
      0 0 0
      0.263157
      0.855
      0.7125
      1.9
      0.475
      0.38
      0.1
      0.38
      0.210526
      11 12
         4 2 9 1 1
         21 9 6 -1.3423 1
         23 2 6 -1.3423 0
         1861 4 9 -0.963468 1
         1874 9 7 -0.745132 1
         1926 7 7 -1.52224 1
         1941 10 9 -1.176 1
         1943 0 9 -1.176 0
         1944 0 10 1 1
         2360 2 10 1.84257 1
         2369 9 8 0.019724 1
         2382 5 10 -1.74942 1
      0 0 0
      0.2375
      0.947367
      0.7125
      2.10526
      0.475
      0.421052
      0.1
      0.421052
      0.210526
      11 11
         4 2 9 1 1
         21 9 6 -1.3423 1
         23 2 6 -1.3423 1
         1861 4 9 -0.963468 1
         1874 9 7 -0.745132 1
         1926 7 7 -1.52224 1
         1941 10 9 -1.176 1
         1943 0 9 -1.176 0
         1944 0 10 1 1
         2370 0 8 -0.854437 1
         2436 3 6 1.9267 1


   353 68 4
   2
      353 0 68
      0.263157
      0.855
      0.7125
      1.9
      0.526315
      0.38
      0.1
      0.421052
      0.19
      10 4
         19 3 6 0.116307 0
         1857 5 8 -1.3147 0
         1948 9 8 -1.83497 1
         1949 0 8 0.0181668 0
      0 0 0
      0.2375
      0.855
      0.7125
      1.9
      0.526315
      0.38
      0.1
      0.421052
      0.210526
      11 8
         19 3 6 0.116307 0
         1857 5 8 -1.3147 0
         1948 9 8 -1.83497 0
         1949 0 8 0.0181668 0
         2356 9 6 -1.56062 1
         2376 5 6 -0.602577 1
         2404 10 8 -1.83497 1
         2435 9 10 1 1


   353 67 4
   3
      353 0 67
      0.263157
      0.947367
      0.7125
      2.10526
      0.526315
      0.421052
      0.1
      0.38
      0.19
      10 4
         33 1 6 0.836262 0
         1953 4 7 -1.6123 0
         1956 9 7 -1.6123 1
         1967 4 9 1 1
      353 0 67
      0.277007
      0.997227
      0.676875
      2.21606
      0.499999
      0.399999
      0.1
      0.361
      0.2
      10 6
         33 1 6 -0.540175 0
         1953 4 7 -1.61563 0
         1956 9 7 -0.793585 1
         1967 4 9 1.04792 0
         2372 5 8 -0.914805 1
         2377 1 8 0.834878 1
      0 0 0
      0.263157
      0.855
      0.7125
      1.9
      0.475
      0.38
      0.1
      0.421052
      0.210526
      11 7
         33 1 6 0.836262 0
         1953 4 7 -1.6123 0
         1956 9 7 -1.6123 1
         1967 4 9 1 1
         2373 5 9 0.729908 0
         2382 5 10 1 1
         2385 10 9 0.729908 0


   353 50 4
   1
      353 0 50
      0.263157
      0.855
      0.7125
      2.10526
      0.475
      0.38
      0.1
      0.38
      0.19
      9 3
         25 5 6 0.703223 0
         1942 5 8 -1.19312 0
         2010 3 6 0.773747 1


   353 65 3
   2
      353 0 65
      0.263157
      0.947367
      0.7125
      2.10526
      0.475
      0.38
      0.1
      0.421052
      0.210526
      10 4
         19 3 6 0.116307 0
         2016 7 8 -1.86012 0
         2017 9 8 -1.86012 1
         2021 7 9 1 1
      353 0 65
      0.25
      0.899999
      0.676875
      2
      0.499999
      0.399999
      0.1
      0.443212
      0.221606
      10 7
         19 3 6 0.116307 1
         2016 7 8 -1.86012 0
         2017 9 8 -1.86012 1
         2021 7 9 1 1
         2358 1 9 1.71049 1
         2374 4 9 -1.55947 1
         2398 6 9 -1.79289 1


   353 63 3
   2
      353 0 64
      0.263157
      0.855
      0.7125
      2.10526
      0.526315
      0.421052
      0.1
      0.38
      0.19
      11 12
         10 7 9 -0.238737 1
         21 9 6 -0.762739 1
         25 5 6 1.85049 1
         28 7 6 -0.599503 0
         1846 4 8 -1.66913 1
         1860 7 8 -0.721818 1
         1861 4 9 -1.42071 1
         1938 10 6 -0.650143 1
         1959 4 6 0.0301694 1
         1960 7 10 0.928782 1
         2027 10 8 -1.64608 1
         2028 9 10 -0.299111 1
      0 0 0
      0.2375
      0.855
      0.789473
      2.10526
      0.475
      0.421052
      0.1
      0.38
      0.210526
      11 14
         10 7 9 -0.238737 1
         21 9 6 -0.762739 1
         25 5 6 1.85049 1
         28 7 6 -0.599503 0
         1846 4 8 -1.66913 0
         1860 7 8 -0.721818 1
         1861 4 9 -1.42071 1
         1938 10 6 -0.650143 1
         1959 4 6 0.0301694 1
         1960 7 10 0.928782 1
         2027 10 8 -1.64608 1
         2028 9 10 -0.299111 1
         2358 1 9 -1.97515 1
         2372 5 8 -1.19302 1


   353 62 3
   3
      353 0 62
      0.263157
      0.947367
      0.789473
      1.9
      0.526315
      0.421052
      0.1
      0.38
      0.19
      10 5
         33 1 6 1.23524 0
         2016 7 8 -0.664715 0
         2017 9 8 -0.664715 1
         2021 7 9 1 0
         2040 4 6 -1.09813 1
      353 0 62
      0.277007
      0.997227
      0.749999
      1.805
      0.554015
      0.443212
      0.1
      0.399999
      0.1805
      11 8
         33 1 6 1.23524 0
         2016 7 8 -0.664715 0
         2017 9 8 -0.664715 1
         2021 7 9 1 0
         2040 4 6 -1.09813 0
         2362 4 10 1 1
         2381 2 7 0.292532 1
         2403 10 6 -1.09813 0
      0 0 0
      0.2375
      0.947367
      0.7125
      1.9
      0.475
      0.38
      0.1
      0.421052
      0.19
      10 6
         33 1 6 1.23524 0
         2016 7 8 -0.664715 0
         2017 9 8 -0.664715 1
         2021 7 9 1 0
         2040 4 6 -1.09813 1
         2373 5 9 1.53901 1


   353 61 3
   2
      353 0 61
      0.263157
      0.855
      0.789473
      2.10526
      0.526315
      0.421052
      0.1
      0.421052
      0.19
      13 16
         23 2 6 -1.17503 0
         25 5 6 -0.279578 1
         225 5 8 -1.29075 1
         254 6 6 -0.0660212 0
         271 4 9 -1.37777 1
         306 0 9 1.0973 0
         1867 5 9 0.219259 1
         1936 7 7 0.109974 0
         1947 11 8 -1.39286 0
         1972 10 7 -1.95076 1
         1994 4 10 -0.657532 1
         1995 5 11 1 1
         2027 10 8 -0.879709 1
         2052 3 10 0.510297 1
         2064 12 7 0.109974 1
         2079 7 12 1 1
      0 0 0
      0.2375
      0.947367
      0.789473
      2.10526
      0.475
      0.421052
      0.1
      0.421052
      0.19
      14 17
         23 2 6 -1.17503 0
         25 5 6 -0.279578 1
         225 5 8 -1.29075 1
         254 6 6 -0.0660212 0
         271 4 9 -1.37777 1
         306 0 9 1.0973 0
         1867 5 9 0.219259 1
         1936 7 7 0.109974 0
         1947 11 8 -1.39286 0
         1972 10 7 -1.95076 1
         1994 4 10 -0.657532 1
         1995 5 11 1 1
         2027 10 8 -0.879709 1
         2052 3 10 0.510297 1
         2064 12 7 0.109974 1
         2079 7 12 1 1
         2400 6 10 -0.162365 1


   353 60 3
   2
      353 0 60
      0.263157
      0.947367
      0.7125
      2.10526
      0.475
      0.38
      0.1
      0.38
      0.19
      10 5
         25 5 6 -1.68651 0
         32 4 6 0.802443 0
         2038 9 6 0.499583 1
         2044 1 9 1 1
         2069 1 6 0.499583 0
      353 0 60
      0.25
      0.899999
      0.676875
      2
      0.45125
      0.399999
      0.1
      0.361
      0.2
      10 6
         25 5 6 -1.68651 0
         32 4 6 0.802443 0
         2038 9 6 0.499583 1
         2044 1 9 1 1
         2069 1 6 0.499583 0
         2359 1 7 -1.90332 1


   353 59 2
   2
      353 0 59
      0.2375
      0.855
      0.789473
      1.9
      0.475
      0.38
      0.1
      0.38
      0.19
      10 4
         32 4 6 0.590988 0
         2098 5 6 1.1397 0
         2099 5 9 1 1
         2108 9 6 1.1397 1
      353 0 59
      0.25
      0.899999
      0.749999
      1.805
      0.45125
      0.399999
      0.1
      0.399999
      0.1805
      11 9
         32 4 6 0.590988 0
         2098 5 6 1.1397 0
         2099 5 9 1 1
         2108 9 6 1.1397 0
         2355 2 9 -0.120991 1
         2372 5 8 1.20532 1
         2377 1 8 -0.84325 1
         2403 10 6 1.1397 1
         2435 9 10 1 1


   353 58 2
   2
      353 0 58
      0.263157
      0.947367
      0.7125
      1.9
      0.526315
      0.38
      0.1
      0.38
      0.210526
      10 5
         25 5 6 1.76484 0
         32 4 6 0.305333 0
         2106 0 6 -0.0441564 1
         2108 9 6 0.305333 1
         2112 4 9 1 0
      0 0 0
      0.2375
      0.947367
      0.7125
      2.10526
      0.475
      0.38
      0.1
      0.38
      0.19
      10 6
         25 5 6 1.791 0
         32 4 6 0.287137 0
         2106 0 6 0.0163825 1
         2108 9 6 0.251602 1
         2112 4 9 0.973856 0
         2357 1 6 -1.31297 1


   353 57 2
   1
      353 0 57
      0.2375
      0.947367
      0.7125
      2.10526
      0.526315
      0.38
      0.1
      0.421052
      0.19
      11 11
         19 3 6 -0.64511 0
         85 4 6 1.49523 0
         114 7 6 -0.0905577 1
         1952 9 6 -0.447776 1
         1957 3 9 0.965987 1
         2041 0 6 -0.496912 1
         2047 6 9 0.752614 0
         2051 2 9 -1.60135 1
         2099 5 9 -1.97424 1
         2138 6 10 1 1
         2139 10 9 0.752614 1


   353 56 2
   1
      353 0 56
      0.277007
      0.997227
      0.749999
      2
      0.45125
      0.443212
      0.1
      0.399999
      0.221606
      14 18
         26 5 8 -1.75802 1
         32 4 6 1.1484 1
         72 5 6 0.698832 1
         105 2 6 -0.0775434 1
         111 5 9 1.63936 1
         127 6 8 -0.656406 1
         1705 3 9 -1.54186 0
         1738 11 6 -0.83532 0
         1803 0 6 0.401318 1
         1886 3 6 1.06559 1
         1944 0 10 0.392985 1
         1982 12 6 0.803638 1
         2044 1 9 1.89056 1
         2050 10 11 -1.76791 1
         2108 9 6 0.949149 0
         2143 11 12 0.705271 1
         2144 9 13 1 1
         2145 13 6 0.949149 1


   353 55 1
   1
      353 0 55
      0.263157
      0.947367
      0.7125
      2.10526
      0.475
      0.38
      0.1
      0.421052
      0.19
      15 19
         25 5 6 -0.772428 1
         33 1 6 -0.924998 0
         87 9 6 -0.949711 1
         93 0 6 -1.38162 1
         105 2 6 0.57651 1
         117 1 9 0.998676 1
         1783 2 9 0.481575 0
         1855 10 9 1.15953 0
         1887 1 11 1.07654 0
         1890 11 9 1.0481 1
         1985 2 12 0.918124 0
         1986 12 9 0.604223 1
         2047 6 9 0.503945 1
         2063 3 12 0.0980353 1
         2094 3 6 1.57607 1
         2148 4 13 -1.85126 0
         2231 11 8 -1.89055 1
         2235 4 14 1 1
         2236 14 13 -1.85126 1


   353 54 0
   1
      353 0 54
      0.277007
      0.997227
      0.749999
      2
      0.554015
      0.399999
      0.1
      0.399999
      0.2
      10 4
         33 1 6 1.14827 0
         2274 5 6 0.726068 1
         2289 2 6 0.889591 1
         2311 3 6 0.0742788 1


   353 53 0
   1
      353 0 53
      0.263157
      0.947367
      0.789473
      1.9
      0.526315
      0.38
      0.1
      0.421052
      0.19
      10 6
         25 5 6 -0.729868 0
         33 1 6 -0.857396 1
         2243 2 6 -1.94873 1
         2308 5 9 1 1
         2313 0 6 -0.268498 1
         2314 9 6 -0.729868 0


   353 52 0
   1
      353 0 52
      0.263157
      0.855
      0.789473
      2.10526
      0.526315
      0.38
      0.1
      0.38
      0.19
      9 3
         19 3 6 -0.540645 1
         2273 4 6 -0.204348 0
         2313 0 6 -0.633352 1


   353 51 0
   2
      353 0 51
      0.25
      0.899999
      0.831022
      2
      0.554015
      0.443212
      0.1
      0.443212
      0.2
      10 4
         33 1 6 1.08022 0
         2298 0 9 1 0
         2313 0 6 1.49501 1
         2314 9 6 1.49501 1
      0 0 0
      0.263157
      0.947367
      0.789473
      1.9
      0.526315
      0.421052
      0.1
      0.38
      0.19
      10 6
         33 1 6 1.08022 0
         2298 0 9 1 0
         2313 0 6 1.49501 1
         2314 9 6 1.49501 1
         2395 7 8 0.49708 1
         2396 4 8 0.410532 1


   0 0 0
   2
      0 0 0
      0.263157
      0.855
      0.7125
      1.9
      0.475
      0.421052
      0.1
      0.38
      0.19
      10 5
         7 0 6 0.0154904 0
         2353 2 6 0.435706 1
         2354 5 7 -0.603677 1
         2355 2 9 1 1
         2356 9 6 0.435706 1
      0 0 0
      0.263157
      0.947367
      0.789473
      2.10526
      0.526315
      0.38
      0.1
      0.38
      0.19
      10 4
         25 5 6 0.703223 0
         2353 2 6 0.104103 0
         2355 2 9 1 1
         2356 9 6 0.104103 1


   0 0 0
   1
      353 0 120
      0.25
      0.997227
      0.676875
      2.21606
      0.554015
      0.361
      0.1
      0.361
      0.2
      10 5
         7 0 6 0.0154904 0
         2354 5 7 0.28864 1
         2356 9 6 -1.34114 0
         2357 1 6 -1.34114 0
         2358 1 9 1 1


   0 0 0
   1
      0 0 0
      0.2375
      0.947367
      0.7125
      1.9
      0.475
      0.38
      0.1
      0.38
      0.19
      12 10
         21 9 6 -0.852941 1
         25 5 6 -0.852941 0
         27 5 9 1 1
         2282 1 6 0.934582 0
         2283 1 10 1 0
         2284 10 6 0.934582 1
         2361 3 10 1.69646 1
         2362 4 10 -0.540731 1
         2363 1 11 1 1
         2364 11 10 1 1


   0 0 0
   1
      0 0 0
      0.263157
      0.855
      0.789473
      1.9
      0.526315
      0.38
      0.1
      0.38
      0.19
      10 3
         19 3 6 0.116307 0
         2365 4 7 -1.36782 0
         2366 0 6 0.581934 1


   0 0 0
   1
      0 0 0
      0.2375
      0.855
      0.7125
      2.10526
      0.475
      0.421052
      0.1
      0.421052
      0.19
      10 5
         32 4 6 0.590988 0
         2366 0 6 -0.0650969 1
         2367 3 8 -1.90633 0
         2368 3 9 1 1
         2369 9 8 -1.90633 1


   0 0 0
   1
      0 0 0
      0.263157
      0.855
      0.7125
      2.10526
      0.526315
      0.421052
      0.1
      0.38
      0.210526
      9 3
         19 3 6 -0.540645 1
         2365 4 7 -1.46526 1
         2370 0 8 -0.176361 0


   0 0 0
   1
      0 0 0
      0.2375
      0.855
      0.7125
      1.9
      0.526315
      0.421052
      0.1
      0.421052
      0.210526
      10 5
         19 3 6 -0.515852 1
         2369 9 8 -0.373955 1
         2371 0 7 -1.9001 1
         2372 5 8 -0.373955 1
         2373 5 9 1 0


   0 0 0
   1
      353 0 111
      0.225625
      0.899999
      0.749999
      1.805
      0.554015
      0.399999
      0.1
      0.361
      0.221606
      13 15
         10 7 9 1 0
         21 9 6 -0.663615 1
         25 5 6 1.93563 1
         28 7 6 -0.663615 1
         2113 1 6 -0.202197 0
         2114 1 10 1 1
         2115 10 6 -0.202197 1
         2183 5 9 1.07468 1
         2205 1 11 1 1
         2206 11 6 -0.202197 0
         2296 4 11 -1.74999 1
         2377 1 8 -0.989341 1
         2378 4 6 1.24674 1
         2379 7 12 1 1
         2380 12 9 1 1


   0 0 0
   1
      353 0 112
      0.277007
      0.899999
      0.676875
      1.805
      0.499999
      0.399999
      0.1
      0.399999
      0.1805
      10 5
         25 5 6 0.703223 0
         2353 2 6 0.708572 0
         2355 2 9 1 1
         2356 9 6 0.708572 1
         2372 5 8 -1.709 0


   0 0 0
   1
      0 0 0
      0.263157
      0.855
      0.7125
      1.9
      0.475
      0.38
      0.1
      0.421052
      0.210526
      12 8
         14 4 9 0.907721 1
         21 9 6 1.50342 1
         32 4 6 -1.09345 1
         2363 1 11 1 1
         2364 11 10 1.83607 1
         2375 9 7 -1.70972 1
         2383 1 10 1.83607 0
         2384 7 10 -0.00777858 1


   0 0 0
   1
      0 0 0
      0.263157
      0.947367
      0.789473
      1.9
      0.526315
      0.38
      0.1
      0.38
      0.19
      12 12
         4 2 9 0.910625 1
         21 9 6 0.688271 1
         23 2 6 0.644795 0
         32 4 6 1.5074 1
         2283 1 10 1 1
         2290 1 9 1.81052 1
         2298 0 9 -0.275097 1
         2303 10 9 1.81052 1
         2386 0 10 -0.754837 1
         2387 10 7 0.251339 0
         2388 10 11 1 1
         2389 11 7 0.251339 1


   0 0 0
   1
      0 0 0
      0.263157
      0.855
      0.789473
      2.10526
      0.526315
      0.421052
      0.1
      0.38
      0.210526
      10 6
         25 5 6 -1.71664 0
         32 4 6 0.23834 1
         2277 9 7 -1.79478 1
         2294 3 9 0.932651 1
         2309 3 7 -1.73619 1
         2390 7 6 1.971 1


   0 0 0
   1
      0 0 0
      0.2375
      0.947367
      0.789473
      2.10526
      0.475
      0.38
      0.1
      0.421052
      0.210526
      9 3
         33 1 6 1.14827 0
         2378 4 6 0.800851 1
         2391 3 7 1.21238 1


   0 0 0
   1
      0 0 0
      0.263157
      0.855
      0.789473
      2.10526
      0.475
      0.421052
      0.1
      0.421052
      0.19
      10 5
         8 5 7 -1.25338 0
         19 3 6 -1.32906 0
         2278 5 8 -1.59744 0
         2371 0 7 0.959003 1
         2394 6 8 0.0365882 1


   0 0 0
   1
      353 0 134
      0.225625
      0.899999
      0.749999
      2
      0.45125
      0.399999
      0.1
      0.443212
      0.2
      14 18
         32 4 6 -1.92315 1
         33 1 6 -0.119503 1
         86 4 9 1 1
         87 9 6 -1.90956 1
         105 2 6 0.752906 1
         112 3 6 -0.846746 1
         2034 5 6 0.794947 1
         2106 0 6 -1.12523 0
         2132 11 8 -0.668592 1
         2141 7 8 -0.668592 0
         2142 7 11 1 1
         2181 9 8 -0.98343 1
         2217 3 10 -0.754351 1
         2218 7 6 -1.40231 1
         2320 11 6 -1.93017 1
         2321 10 11 1.75674 1
         2404 10 8 -1.02335 1
         2405 4 12 0.652937 1


   0 0 0
   1
      0 0 0
      0.2375
      0.855
      0.7125
      1.9
      0.526315
      0.38
      0.1
      0.38
      0.19
      10 8
         19 3 6 -0.575008 1
         143 2 6 1.32409 0
         163 7 6 -1.40907 1
         2354 5 7 1.97804 1
         2356 9 6 -1.01003 1
         2397 2 8 -1.99397 1
         2398 6 9 1 1
         2413 6 6 -1.01003 0


   0 0 0
   1
      0 0 0
      0.2375
      0.947367
      0.7125
      2.10526
      0.475
      0.421052
      0.1
      0.421052
      0.19
      12 9
         19 3 6 -0.540645 0
         287 9 6 -0.540645 0
         289 3 9 1 1
         2273 4 6 0.249709 1
         2293 7 6 0.560939 0
         2387 10 7 -0.827339 1
         2406 0 11 1 1
         2411 11 9 -0.578724 1
         2412 0 9 -0.578724 0


   0 0 0
   1
      0 0 0
      0.2375
      0.947367
      0.789473
      2.10526
      0.526315
      0.38
      0.1
      0.38
      0.210526
      12 9
         19 3 6 -0.540645 0
         287 9 6 -0.540645 0
         289 3 9 1 0
         2273 4 6 0.249709 1
         2293 7 6 0.560939 0
         2404 10 8 -1.51572 1
         2411 11 9 1 1
         2413 6 6 0.683535 1
         2424 3 11 1 1


